2.210241465581930156e-03
2.095982663377071731e-03
1.936710063455393625e-03
1.776914129732176705e-03
1.834345693896466357e-03
1.679097409305541121e-03
1.627336708043003411e-03
1.526407258461404213e-03
1.513381964468862905e-03
1.421529985418601471e-03
1.398538963076134635e-03
1.377382219834544144e-03
1.300914379680762111e-03
1.266387937175750310e-03
1.290931859693955717e-03
1.176608412970381410e-03
1.212170715552929236e-03
1.148827718316169835e-03
1.142107156738347840e-03
1.157153097483387639e-03
1.076910232586669692e-03
1.045394902757834686e-03
9.818410570005652992e-04
9.969641218049219746e-04
9.664940531365573623e-04
9.313596188803785697e-04
9.692533613815612842e-04
9.431561580640846149e-04
9.745143062900752263e-04
9.204485206282698052e-04
9.387876376422355168e-04
9.716163418488577225e-04
8.566858017729827917e-04
8.901051018256111785e-04
9.008422204715316618e-04
8.303254994643793907e-04
8.438564060270437256e-04
8.116898636217229502e-04
8.118512989312876450e-04
7.907145125500391735e-04
8.407287130467011160e-04
7.689592934184474654e-04
8.421125869062962444e-04
7.937408672660239972e-04
7.902916742750676782e-04
7.410930789774283984e-04
7.533262401921092749e-04
7.601292038089014092e-04
7.580491075714235628e-04
7.341612592426827611e-04
6.841638772129953871e-04
6.985044303291943358e-04
7.466621908861270423e-04
6.993097865233722111e-04
7.002033356911851808e-04
6.876864130390458523e-04
6.738447405950864994e-04
6.601778522963286377e-04
6.737708971741085190e-04
6.716427476021636245e-04
6.660909855781937516e-04
6.498360026853333910e-04
6.424532242817804000e-04
6.355787549182423174e-04
6.943295166820462544e-04
6.511980869618128271e-04
6.540020171996729914e-04
6.432559339373256080e-04
6.262195941417302968e-04
6.199969688168493814e-04
6.805624501794227182e-04
6.145847738480370243e-04
6.463827359766583392e-04
6.160134845231368889e-04
5.975127236524713009e-04
6.087205335461476786e-04
6.157013026495405938e-04
5.813320022753032607e-04
6.145502672552539004e-04
6.110375044954708280e-04
6.184023913192504334e-04
6.180601441883482473e-04
5.749578597715298677e-04
5.699182620446663350e-04
6.003626726851507556e-04
5.902960829189396463e-04
5.896522606235521163e-04
5.781660139291489248e-04
5.788355831100489447e-04
5.492478088854113377e-04
5.553011243137007330e-04
5.837352604430634312e-04
5.506645664354436597e-04
5.418661910880473009e-04
5.264038111818080800e-04
5.418646875114063949e-04
5.443405579171667124e-04
5.526296896277927079e-04
5.500832110556074916e-04
5.322409063410304519e-04
5.260461069156007873e-04
5.555304097470070918e-04
5.762688753748080196e-04
5.341036722711578694e-04
5.688994555384851775e-04
5.569938119151629074e-04
5.244950194537523419e-04
5.319147949194302782e-04
4.898085603599611204e-04
5.344305593098397800e-04
4.770631506289646604e-04
5.074275023616792385e-04
5.247985724054160745e-04
4.704619045696745161e-04
5.341834939827094786e-04
4.716608190392434846e-04
5.263484719762346210e-04
4.626695834303973351e-04
5.171654512196255599e-04
4.489290270612400599e-04
4.970091346876870809e-04
4.938409228088857855e-04
4.936832261591917121e-04
4.728446180706669002e-04
5.182366920053027137e-04
4.749671325953386475e-04
4.810203322449524421e-04
4.796442054157523780e-04
4.985803364434104445e-04
4.663420527322159614e-04
4.674237765357247337e-04
4.634707104742119663e-04
4.851733507166500420e-04
4.533497335614811163e-04
4.792008636286482432e-04
4.450646374607458711e-04
4.824916950383340009e-04
5.087627812827121964e-04
4.096602824574802071e-04
4.303738171074655730e-04
5.213876561356300954e-04
4.620129221621027899e-04
4.600653781380970139e-04
4.890323968083975853e-04
4.873194148785842334e-04
4.329618502197263188e-04
4.722631246295349921e-04
4.145775566939846504e-04
4.692211226938524998e-04
4.407511313729628238e-04
4.447773206265992593e-04
4.358443335149786652e-04
4.478983812987280652e-04
4.642196381610119715e-04
4.459586849861807206e-04
4.760750872264907447e-04
4.596849084919085726e-04
4.630257176359009463e-04
4.506431425397749882e-04
4.416865068378683862e-04
4.203194682759203715e-04
4.292076790989085349e-04
4.326001421759428922e-04
4.476395676647371038e-04
4.610687912645516809e-04
4.612052021457202608e-04
4.489269445912214213e-04
4.743812475680897370e-04
4.471323321013187632e-04
4.464670071229193127e-04
4.562280251775519208e-04
4.539393556569848659e-04
4.453862707578082445e-04
4.189119293187104740e-04
4.591318244820285946e-04
4.051618037010484949e-04
4.323189174101571769e-04
4.251401808687660486e-04
4.153799642153899402e-04
4.463591755666129648e-04
4.219400574129395171e-04
4.457504754554975296e-04
4.324878701481793758e-04
4.385566054224909966e-04
4.153362366196233996e-04
4.491639144362124972e-04
4.293385411983763442e-04
4.152063623223512076e-04
4.260415135377115911e-04
4.134319469812908210e-04
4.255195080531848253e-04
4.137458125569537732e-04
4.374223252852970983e-04
4.100577670214988540e-04
3.968247565353522077e-04
4.042734785798529629e-04
4.201571121484448776e-04
4.150176072016620527e-04
4.250328744092257910e-04
3.866113357616996144e-04
4.052582653002900662e-04
4.203265885280416223e-04
3.836516460978600445e-04
4.065528292812814687e-04
4.440998821337416411e-04
3.944704116292996115e-04
4.073140877153491818e-04
4.422364217589347282e-04
3.988929493971227419e-04
4.148977852310053896e-04
4.411039406022609910e-04
4.144971881942183462e-04
4.079845790329273076e-04
4.158872098741994922e-04
3.957672977776383158e-04
4.118364527130324859e-04
4.215181978906912047e-04
4.177178879217535506e-04
4.279781523109704505e-04
4.198277951218187592e-04
4.034811885503586165e-04
4.172711021055874772e-04
4.201912814096431356e-04
4.239478850649902489e-04
4.261100096300651893e-04
4.050247208397195426e-04
4.097555318367085528e-04
4.321453599914093393e-04
4.073100230925774667e-04
3.857036857880302488e-04
3.894252319696533851e-04
3.838751317744026892e-04
3.911406537099537889e-04
4.056227574437798575e-04
4.242148211233143229e-04
4.078828185811289695e-04
3.988992204540409039e-04
3.974491480221331477e-04
3.994349259301088967e-04
4.004660333066567329e-04
4.027342424706148449e-04
4.137776787501934667e-04
3.937043596124567666e-04
4.041062434680498081e-04
4.115246731998922877e-04
4.029052125588350680e-04
3.951203600081498626e-04
4.050259492032637246e-04
4.137585512580699179e-04
3.932136071853165158e-04
4.062393003550823561e-04
3.970504775679728265e-04
4.000676742634823313e-04
3.950499301936361116e-04
3.824375064596097218e-04
3.959016172302654230e-04
4.032575185192399875e-04
3.855009353628702120e-04
4.041090180180617500e-04
3.969575160681415365e-04
4.015902291939710484e-04
3.629561241723422210e-04
3.784431743497407080e-04
3.924598592220718057e-04
4.170267949120898482e-04
3.834299673599162015e-04
3.781639976750738935e-04
3.998416186732356437e-04
3.837147591639222702e-04
3.925641609839658269e-04
3.757143202165025395e-04
3.840599438262870535e-04
3.959806365855911389e-04
3.654039335287961876e-04
3.874716850532422324e-04
4.110513286832429003e-04
3.921195586826797808e-04
3.824469861683610469e-04
3.804995861173665725e-04
3.825635169960151069e-04
3.510305888084985998e-04
3.984377150118234784e-04
3.877318420563824583e-04
3.847142455924767784e-04
3.942859615108318611e-04
3.830732880942378069e-04
3.989394581367378123e-04
3.877110441862896659e-04
3.606831689467071447e-04
3.747185658085072646e-04
4.160697768384125301e-04
3.789514878008048873e-04
3.898081548868503670e-04
3.778637823870667381e-04
3.704812320393102709e-04
4.158288464168436002e-04
3.904659102317964534e-04
4.155575490585761036e-04
3.976601405611290721e-04
4.048800455620948815e-04
3.889337534019432605e-04
3.704456168179603775e-04
3.682973918330390115e-04
3.783888459565787235e-04
3.973176525505550455e-04
4.203320496344531637e-04
4.009432428574655422e-04
3.420802527671185198e-04
3.849003867344436003e-04
3.755247202661848751e-04
3.671401294923270836e-04
3.610866128383349752e-04
3.798906911015364823e-04
3.853988157970889114e-04
3.627849526310456094e-04
3.860213575535453748e-04
3.820801614892843753e-04
3.841149686650169206e-04
3.635690869032259906e-04
3.942182945138483665e-04
3.722855552950931962e-04
3.640294749402528504e-04
4.097835495940671318e-04
3.917166382052528206e-04
3.539810180882341012e-04
3.799127779529953624e-04
3.509868120545434175e-04
3.752467674530635339e-04
3.700779178416269350e-04
4.046462514452287213e-04
3.598548743866558544e-04
3.606273661716840944e-04
3.738800572136824593e-04
3.798056198775157316e-04
3.919764459624275115e-04
3.803521328791248379e-04
3.730480105787137507e-04
3.875101780522527189e-04
3.754656097953557145e-04
3.582523524528369199e-04
3.786946832406101965e-04
3.588558885894599262e-04
3.820322455794666785e-04
3.691088124014640709e-04
3.688094718654610915e-04
3.872965132359240561e-04
3.473237331490963589e-04
3.805137505423772382e-04
3.846017067189677835e-04
3.618687476773630005e-04
3.661293905679485652e-04
3.851317278986243872e-04
3.654993902728165375e-04
3.781359400363726200e-04
3.834139760328980412e-04
3.526387252350105081e-04
3.756927390440978451e-04
3.672103009648708394e-04
3.567304339412658227e-04
3.897278336808085550e-04
3.500597388665482976e-04
3.709815286583761809e-04
3.622997065576783133e-04
3.716428056122822237e-04
3.879845494338951539e-04
3.763738234283664497e-04
3.645241493359208215e-04
3.672886797176033941e-04
3.717218984093051621e-04
3.713601010531419780e-04
3.486426361632765985e-04
3.668357812330213965e-04
3.632048569670587312e-04
3.538957994351221714e-04
3.666981321657658446e-04
3.856390374494367388e-04
3.776135290536331013e-04
3.395530989109829534e-04
3.600421181090496464e-04
3.612823442381340793e-04
3.676690076645172884e-04
3.684818788769916756e-04
3.742101969237410231e-04
3.634427707311260638e-04
3.489703995910531592e-04
3.657808452317112932e-04
3.758399874641326971e-04
3.707457591644924616e-04
3.667467403374757742e-04
3.445686501891031986e-04
3.684299453198036428e-04
3.523970814057975293e-04
3.659272305867489086e-04
3.456072970493551111e-04
3.849637945222639463e-04
3.732733145170641148e-04
3.520409738484886366e-04
3.536589257237210621e-04
3.658207246644451407e-04
3.335770972626050826e-04
3.681991905068571322e-04
3.593879415348055989e-04
3.760628596864989959e-04
3.413575296235649256e-04
3.731211380909371439e-04
3.455130063230171800e-04
3.633371763498871479e-04
3.762830965570174158e-04
3.680976022224058506e-04
3.664339023089268959e-04
3.618789029587787592e-04
3.678284176203305725e-04
3.508220256208005486e-04
3.603935082082898806e-04
3.691321484893705820e-04
3.327597308270924367e-04
3.587523763144417899e-04
3.547958759099856360e-04
3.622677642852067839e-04
3.603795499657280960e-04
3.540335510479053482e-04
3.377918131718615985e-04
3.418037091705627755e-04
3.589765323340543329e-04
3.682977335301984567e-04
3.609682638852973252e-04
3.384301524874899986e-04
3.362251855833165099e-04
3.915065429282549411e-04
3.588700030377367403e-04
3.393517507447541210e-04
3.660029935872444184e-04
3.838870265099103346e-04
3.477027368262497259e-04
3.819004036813566927e-04
3.944641744510590906e-04
3.494943838632025073e-04
3.532635266765282722e-04
3.526963657350279282e-04
3.509494652462308403e-04
3.769078658933721964e-04
3.694227241794578839e-04
3.852185805953922898e-04
3.527337164541677339e-04
3.701612317399849308e-04
3.529252935550175607e-04
3.767027610138029450e-04
3.559378038062277591e-04
3.563374833902343891e-04
3.601602800699765902e-04
3.555570151092979250e-04
3.723465422353910981e-04
3.513409868446615509e-04
3.478587743757088901e-04
3.596555551666824396e-04
3.755554196686716859e-04
3.674381878681742927e-04
3.457166974840220172e-04
3.277901246747205841e-04
3.626136424827564150e-04
3.608081661695905712e-04
3.469747012786683843e-04
3.440337985011865493e-04
3.630833312399772803e-04
3.519893830343789887e-04
3.408944097827770530e-04
3.569375551705889047e-04
3.294664924396783828e-04
3.846173950023512697e-04
3.383217142527428223e-04
3.428848097883019580e-04
3.366193187503086154e-04
3.492776187613344302e-04
3.629992660535208198e-04
3.523420493365847397e-04
3.611043176533712757e-04
3.563165521882183493e-04
3.396928727852355223e-04
3.483509389297978270e-04
3.681134071939595851e-04
3.419482884510216536e-04
3.431282314522832275e-04
3.455214445693854833e-04
3.443883564159478045e-04
3.506057802951545346e-04
3.486310682092153110e-04
3.623516427524009595e-04
3.693316525186673862e-04
3.596566464693751295e-04
3.367730283116543541e-04
3.427438983635511466e-04
3.529522166900278643e-04
3.468767772119463080e-04
3.339841248816810657e-04
3.461047263954242443e-04
3.430560106153279559e-04
3.585722532079671618e-04
3.544101719853643079e-04
3.739248484635027234e-04
3.574558742457156551e-04
