4.555232181579251666e-02
4.377916853733455210e-02
4.282100727380831057e-02
4.003872758932883191e-02
3.864496006760038960e-02
3.858861858850416021e-02
3.693515223839992367e-02
3.739013766893480722e-02
3.457576179098856284e-02
3.365649284111171119e-02
3.392409431877770054e-02
3.257190812190499662e-02
3.278134345913989722e-02
3.027469622372071928e-02
3.124624131176667943e-02
3.022747923608256129e-02
3.008944546520898530e-02
2.924056111870310115e-02
2.930531725051659445e-02
2.821667534829695040e-02
2.847604236058607838e-02
2.741537218371147000e-02
2.780225463918870044e-02
2.751075686250306282e-02
2.682910626754164696e-02
2.625234796418042180e-02
2.633458276904081935e-02
2.614054606661577601e-02
2.528291312930516094e-02
2.499208436642266426e-02
2.477663019200480529e-02
2.478302550160243686e-02
2.411088599127870699e-02
2.377872353513972581e-02
2.339443051598117176e-02
2.357995415790171620e-02
2.339472598690963898e-02
2.273574235695826826e-02
2.303750309032163990e-02
2.196147509178594803e-02
2.282598155515291882e-02
2.219797036598754672e-02
2.269479836325479297e-02
2.151940536060476666e-02
2.207272931862669721e-02
2.224449719644234005e-02
2.146316546640252704e-02
2.173637307567309607e-02
2.147784921093077656e-02
2.116155742278581775e-02
2.125611003559035525e-02
2.141854251864590275e-02
2.056173320058025944e-02
2.056685127789461068e-02
2.055662886911555076e-02
1.995009736193320560e-02
2.011448783281294742e-02
1.972199957582014898e-02
1.973973722727615648e-02
1.980105851175664386e-02
1.998616044727873076e-02
1.948554659427343891e-02
1.965137877018202639e-02
1.924367398730938983e-02
1.927510562317469311e-02
1.979594549187753752e-02
1.876190991459202040e-02
1.918516855663325235e-02
1.888266575369465169e-02
1.915291402653991268e-02
1.949371877892673924e-02
1.871575610830059425e-02
1.854577114734845891e-02
1.847378010684742194e-02
1.862982672910335619e-02
1.878790983552985558e-02
1.843980224095756459e-02
1.829325359998435971e-02
1.902554662238004762e-02
1.899735394370141023e-02
1.824509412568958364e-02
1.805592310037228143e-02
1.759035805758984647e-02
1.820233758963361523e-02
1.843808451962150249e-02
1.796211408380466237e-02
1.795264197914283461e-02
1.751147933846598781e-02
1.735600398240398634e-02
1.839184699155673244e-02
1.787475020848686147e-02
1.824398084744056556e-02
1.693582769389016807e-02
1.716900105246260341e-02
1.786411387397895956e-02
1.699277755356382036e-02
1.715001941340256464e-02
1.725960754247123086e-02
1.660047064217019808e-02
1.703140948592579001e-02
1.707904329346610767e-02
1.715043356312037984e-02
1.674194201897782550e-02
1.685870600616724488e-02
1.736170227662954882e-02
1.738019687819141249e-02
1.740514065869907048e-02
1.681438960795161169e-02
1.669971168607096296e-02
1.680753446372721185e-02
1.662472242642712775e-02
1.682493537428635458e-02
1.694727641282768246e-02
1.648880999028399727e-02
1.707826383246839955e-02
1.681786066487054448e-02
1.735193973489671665e-02
1.643312662026455775e-02
1.647592571717274371e-02
1.606018704220747023e-02
1.616940441058029032e-02
1.618550685116479024e-02
1.607528381650866547e-02
1.656774661350476560e-02
1.637591141028494832e-02
1.690896097393824321e-02
1.632838508208529771e-02
1.612004930672200284e-02
1.623380278190008491e-02
1.579017699047734549e-02
1.583040546024619064e-02
1.657882918120373583e-02
1.584984111611413213e-02
1.592153353805217733e-02
1.581046595886538217e-02
1.583209167281755120e-02
1.578234708750078305e-02
1.584267790452871874e-02
1.578439147317711386e-02
1.546260761981240600e-02
1.626044163138523277e-02
1.647084883025175250e-02
1.566140845865954256e-02
1.602170639966107521e-02
1.586522487039335877e-02
1.531882582916111943e-02
1.577622777652702701e-02
1.606071482801550709e-02
1.580135716137158128e-02
1.542308819303406936e-02
1.560090431837435690e-02
1.598297026527078710e-02
1.613325438509353310e-02
1.544615010365466522e-02
1.569253162044701583e-02
1.595956660642088368e-02
1.580816351726085228e-02
1.521221117434811039e-02
1.640429009412285727e-02
1.524023340036503166e-02
1.552035386344017068e-02
1.506291431539892416e-02
1.549747234351838733e-02
1.537723488268690104e-02
1.539115624832390269e-02
1.557506375085515246e-02
1.568356865745839518e-02
1.538536194240367784e-02
1.535274512193436809e-02
1.523909631149866946e-02
1.541243384804435144e-02
1.549659645526752470e-02
1.556206463034488785e-02
1.497218921733430713e-02
1.533945557908921245e-02
1.545124842867821001e-02
1.513005811367419684e-02
1.523290007799580834e-02
1.484427025211574117e-02
1.483258723776457490e-02
1.499281877864010702e-02
1.527485231975022825e-02
1.506122383230094723e-02
1.468024340080969700e-02
1.443087997775572076e-02
1.521194345152736445e-02
1.533192830289938080e-02
1.579790107045275435e-02
1.510983169715427073e-02
1.503134447833688256e-02
1.524919827610160018e-02
1.545625832226551859e-02
1.432448139862169123e-02
1.568573530574765215e-02
1.508131133144886490e-02
1.543665399975320193e-02
1.501710355411507714e-02
1.514519913169213444e-02
1.499631584480499123e-02
1.483925375969538142e-02
1.483665683448220397e-02
1.462735497993947545e-02
1.548293792890219692e-02
1.503863946617215418e-02
1.515869387790937974e-02
1.524983796208531119e-02
1.511636175380288820e-02
1.508638774386689661e-02
1.491186169824928499e-02
1.529647695501865426e-02
1.504413576360461892e-02
1.475539252374179731e-02
1.497855582981830191e-02
1.543689092998451820e-02
1.513175426428265205e-02
1.526510449645074145e-02
1.506421922210933982e-02
1.513849555726952921e-02
1.499555252574950003e-02
1.469260704397117728e-02
1.489292596219272610e-02
1.458925242783336643e-02
1.473532635659639649e-02
1.495475119828612066e-02
1.497870033217853399e-02
1.513152038737471290e-02
1.543370376140633729e-02
1.485057695344373443e-02
1.498922310132957784e-02
1.492481739142367293e-02
1.471128460031615771e-02
1.498804361960272974e-02
1.510711760802453847e-02
1.525503175356720045e-02
1.451408926727651080e-02
1.501053137575052154e-02
1.468553967903592217e-02
1.487762938383259403e-02
1.455807773384583913e-02
1.492116301721315569e-02
1.451415558864327209e-02
1.470473233044524743e-02
1.466058464308233993e-02
1.468557890657854262e-02
1.450307543472021364e-02
1.447956966047611420e-02
1.457227929495275021e-02
1.499481727015462840e-02
1.483335658389178975e-02
1.498556768674922171e-02
1.475358720503370212e-02
1.436064476913572092e-02
1.451292424168013247e-02
1.440765194983893542e-02
1.519576913700733736e-02
1.455961355255751613e-02
1.491456025845925258e-02
1.486662230041774051e-02
1.433678349786544209e-02
1.448506926174593888e-02
1.455593035450275866e-02
1.463673006790348202e-02
1.441512749341752712e-02
1.463480804504567294e-02
1.458321428928477034e-02
1.499988086509836636e-02
1.437397080450024053e-02
1.395937611195671377e-02
1.446141293449209470e-02
1.453065902254060786e-02
1.504774366010310470e-02
1.523427660812777008e-02
1.418123382167254046e-02
1.436400890668641968e-02
1.401562506887071499e-02
1.408409424232248339e-02
1.448261462847548996e-02
1.425503624037285401e-02
1.428956551111857341e-02
1.477266277504872723e-02
1.430790331155721955e-02
1.449504119485522415e-02
1.424502224743932031e-02
1.451064244537508124e-02
1.443840869219054079e-02
1.467447405787114176e-02
1.430839573068520658e-02
1.464269780612821766e-02
1.429727751042552363e-02
1.463597928044162166e-02
1.450928982606605570e-02
1.419399269632523608e-02
1.446022826859939651e-02
1.452617494896337250e-02
1.424743643891113534e-02
1.472295418122335393e-02
1.438018137329741437e-02
1.432347229292875619e-02
1.449000953307634683e-02
1.380948038017259377e-02
1.430808957312491858e-02
1.427067191446129354e-02
1.431784692774467835e-02
1.472346123626243515e-02
1.417937040729801840e-02
1.448072993809569435e-02
1.402027394528253083e-02
1.420856127810157625e-02
1.467911729329749067e-02
1.431012834434079208e-02
1.469965785140572509e-02
1.417919877869418949e-02
1.490136407775497808e-02
1.456592468945663160e-02
1.411473891650668472e-02
1.353865240028575938e-02
1.418887394704396177e-02
1.384612503520484157e-02
1.431052442463232738e-02
1.415161404440391617e-02
1.458143858722399377e-02
1.420318388639465849e-02
1.396424747131104656e-02
1.388420889307332221e-02
1.402642767687764351e-02
1.424150806969574044e-02
1.414888067453911116e-02
1.448818945467377807e-02
1.417474064952399179e-02
1.394427195191383362e-02
1.429244806058704853e-02
1.396314038812548376e-02
1.381238149125364745e-02
1.424661607340072488e-02
1.447257385707071374e-02
1.424292315540340130e-02
1.388384074067013259e-02
1.382982935697500519e-02
1.394998710130966081e-02
1.427159578940253443e-02
1.401250127738318078e-02
1.415240510272545819e-02
1.426590095226994842e-02
1.446991204578853933e-02
1.398910864704300261e-02
1.406459089168170598e-02
1.426358753815293312e-02
1.410685760511344762e-02
1.401507839136108616e-02
1.445191519193445538e-02
1.394431900433441493e-02
1.480770171502062728e-02
1.429388380043585850e-02
1.391639701927764421e-02
1.410638795033851770e-02
1.377111023492356631e-02
1.393232798156670421e-02
1.418986150263985488e-02
1.382436101395589576e-02
1.363124803616370603e-02
1.341965528723748462e-02
1.382327301404144212e-02
1.433328560058357536e-02
1.410682316975597414e-02
1.431613732600891219e-02
1.364895350099364427e-02
1.389652129580985947e-02
1.413453897885695240e-02
1.367460893278446381e-02
1.374450457117319842e-02
1.392437231762311094e-02
1.403481146921934167e-02
1.429952245759718785e-02
1.358841626633760374e-02
1.405519438624570558e-02
1.399217057336546270e-02
1.338466131599926577e-02
1.354898029902973540e-02
1.416553884945055339e-02
1.422788744167530900e-02
1.399191817315884739e-02
1.418311982061949694e-02
1.428291903030646029e-02
1.441136453171036613e-02
1.374201046574059087e-02
1.400786357389503627e-02
1.384340687595968060e-02
1.380591371238137390e-02
1.393810198995980298e-02
1.389396263734449244e-02
1.375614148505692295e-02
1.398131343877956866e-02
1.365768560208380222e-02
1.373858508783616650e-02
1.362676136608270867e-02
1.475846359824549599e-02
1.372342302074915261e-02
1.381278173597175890e-02
1.391578372862614481e-02
1.429839655344339149e-02
1.386628283152380355e-02
1.415499790182596536e-02
1.370194100751246855e-02
1.420472241360458410e-02
1.393107092597439291e-02
1.367223703691476493e-02
1.404355881924304779e-02
1.413071716404696795e-02
1.360946947331481346e-02
1.395790213777954765e-02
1.401012421208374867e-02
1.401962213736923472e-02
1.369231231098027961e-02
1.408386220742913024e-02
1.366845723772067839e-02
1.374259699855141272e-02
1.382583860732332012e-02
1.409466449418871406e-02
1.392378363923370103e-02
1.292578275963852594e-02
1.380391097391802345e-02
1.391702663459921246e-02
1.315456679786402260e-02
1.374177101563332261e-02
1.370560040084433003e-02
1.377426603620376770e-02
1.339341481098362853e-02
1.345795871029737550e-02
1.384890966317793223e-02
1.359281917633135134e-02
1.359360413095336145e-02
1.430014824152841570e-02
1.381189857102647564e-02
1.365220815214458067e-02
1.387866335048611351e-02
1.375002505646759181e-02
1.339046459032010479e-02
1.351326727897777559e-02
1.408124009819253404e-02
1.338504498848054960e-02
1.369311355195845271e-02
1.352748533569370602e-02
1.361763363267896355e-02
1.375084041169832849e-02
1.338458056502704434e-02
1.365465814943272148e-02
1.380716739929740977e-02
1.369713686842801391e-02
1.364752535319215150e-02
1.340652062392593165e-02
1.392916243676614943e-02
1.356584860212346408e-02
1.390421405564286339e-02
1.346121699242746467e-02
1.379297158822322990e-02
1.373679647398994702e-02
1.369185291548978729e-02
1.393937157419852108e-02
1.383445244518261875e-02
1.323382493073144324e-02
1.331895660561851352e-02
1.361422358033589214e-02
1.362966212054973932e-02
1.401927663437739155e-02
1.325599355858903851e-02
1.331432900521196949e-02
1.412318294419895315e-02
1.370496796503002830e-02
1.385183505937928605e-02
1.365048650510703419e-02
1.384574097074285290e-02
1.334248848636693588e-02
1.390451099134132860e-02
1.337225546859959271e-02
1.359737787360349066e-02
1.363538668337690649e-02
1.399654187733614073e-02
1.349868171824778959e-02
1.351380455779218302e-02
1.345125479104964002e-02
1.350263113309216681e-02
1.383493548035150122e-02
1.324691560084023841e-02
1.368705146132579396e-02
1.336806800063180742e-02
1.317763906797464815e-02
1.371828500546892239e-02
1.314573656307839976e-02
1.374058292801432976e-02
1.378220429384633024e-02
1.313761763475080821e-02
1.355576137363722136e-02
1.374829433198216516e-02
1.353164928481925822e-02
1.347029780603568004e-02
1.352909336432437347e-02
1.344137355579133955e-02
1.305122963518281533e-02
1.363373221829533577e-02
1.352012358146094904e-02
