1.164429321215720934e-03
1.113358472321124325e-03
1.054905716046050657e-03
9.764992466443800801e-04
9.352656697956263088e-04
8.665044670124188997e-04
8.491990687616634897e-04
8.154915611157775423e-04
7.744029244349803776e-04
7.415343499815208340e-04
7.012048256001435654e-04
7.001284018770092665e-04
6.711192805596511097e-04
6.471735188824823560e-04
6.302718811639351770e-04
6.193411205458687835e-04
6.172515018988633745e-04
5.719393143408524338e-04
5.906011079787276902e-04
5.778860437203548134e-04
5.644442128868831354e-04
5.655186900185071646e-04
5.289124662340328065e-04
5.299625726365775119e-04
5.163686242667609111e-04
5.137397577527735414e-04
5.238203541011899212e-04
4.948391243488004182e-04
5.048221403740171375e-04
4.750666539621306583e-04
4.623766247277672045e-04
4.873040335041878496e-04
4.427520611898216885e-04
4.690864742769917722e-04
4.355291349384060812e-04
4.680089854446123137e-04
4.366772715911792948e-04
4.400163735226670031e-04
4.345020805885724041e-04
4.052241433782910462e-04
4.360364860076515470e-04
4.008677401543536689e-04
4.087296847501420416e-04
4.231332572999235708e-04
4.133208311031921875e-04
4.202134041406679899e-04
3.777435522351879627e-04
3.958313345719943754e-04
3.858894692712055985e-04
3.820407166131189916e-04
4.113201498512353282e-04
3.765533349906036273e-04
3.652742778285755884e-04
3.737861025001620874e-04
3.866352499244385399e-04
3.630183119639696305e-04
3.685135953674034898e-04
3.686736134113744010e-04
3.495259978990361343e-04
3.564009603906015617e-04
3.484397335341782526e-04
3.457293598330579590e-04
3.589816755265928588e-04
3.592822096834424775e-04
3.364569803579797519e-04
3.275907473835104394e-04
3.330792338601895825e-04
3.230054806863336342e-04
3.287549534888967282e-04
3.255202493164688240e-04
3.131776534701202872e-04
3.237119016375799912e-04
3.168095122418890242e-04
3.144602450447564262e-04
2.927716991507622879e-04
3.090898997925251241e-04
3.222392565021436786e-04
3.504806154523976147e-04
2.974476762574340574e-04
3.011097489434177879e-04
3.043309749045875140e-04
3.026061154741910503e-04
2.717018997827836064e-04
3.085537690367346148e-04
2.978006049943360159e-04
3.114055232799728509e-04
3.046604841529188196e-04
3.019964769919170067e-04
2.882020033666776943e-04
2.824905343913997166e-04
3.044261840841499980e-04
3.101684402281535075e-04
2.972244441934890238e-04
2.998097603722271525e-04
2.938693388387037192e-04
3.099214923167892266e-04
2.884493050714809106e-04
3.015709482951933751e-04
2.978814511152449887e-04
2.793467084302392539e-04
3.046488332984154329e-04
2.867051781322516252e-04
2.816917795826157306e-04
2.744094214449432695e-04
2.801335254389414439e-04
2.863671472368878204e-04
2.835690595929918453e-04
2.777621256882412018e-04
2.960003186672110933e-04
2.793313037273037372e-04
2.966424699934577911e-04
3.036303732187661591e-04
2.674316991033265476e-04
2.599900128188892159e-04
2.800587143156008313e-04
2.909127481871110030e-04
2.774253583538666352e-04
2.816034722854965258e-04
2.463847587932832431e-04
2.719252963743201690e-04
2.680399206383299207e-04
2.560221894327696646e-04
2.713007602324069012e-04
2.736181832460715777e-04
2.540082990890368602e-04
2.466087584252818271e-04
2.419213282337295877e-04
2.692644680792000362e-04
2.592321841348166345e-04
2.451840041430841666e-04
2.460688955579825926e-04
2.458331539855862610e-04
2.406006713954411626e-04
2.488225554770906456e-04
2.535791838454315330e-04
2.752696898824069757e-04
2.623769220463145540e-04
2.604775790132407348e-04
2.922697330632217818e-04
2.562980963830341135e-04
2.311157196800195433e-04
2.322573601759359062e-04
2.631428920267353641e-04
2.595106356238829686e-04
2.647327880822558654e-04
2.482009523646411036e-04
2.553712463395640953e-04
2.395811899077671060e-04
2.264666248720459353e-04
2.454977209708886329e-04
2.402762280780734781e-04
2.641206051521294285e-04
2.376431304128345855e-04
2.619154216063179883e-04
2.569405315625772563e-04
2.318861314961395746e-04
2.515755547847220441e-04
2.337938009077333791e-04
2.581457471478642912e-04
2.460578133650414894e-04
2.342365463391615722e-04
2.387989750332053518e-04
2.352675988731789348e-04
2.367253302509197857e-04
2.262486043946410172e-04
2.399707768290681889e-04
2.431856235034501879e-04
2.231178135389200125e-04
2.387232322689669564e-04
2.435489267099910594e-04
2.387345134593488183e-04
2.480748868947557531e-04
2.399864552899089122e-04
2.275163637932564598e-04
2.307557011590688435e-04
2.249078821932926130e-04
2.278715277498122359e-04
2.303141235188377268e-04
2.444936595111357855e-04
2.221312176970968721e-04
2.277276350469037316e-04
2.396492052412213525e-04
2.365383163123624291e-04
2.326026336504582960e-04
2.283538612346092231e-04
2.308978609562473030e-04
2.581748240572778849e-04
2.390876660228968777e-04
2.348769923628424186e-04
2.134035219114593929e-04
2.350900028886826476e-04
2.279026743963186163e-04
2.205815518209419625e-04
2.235671047401410760e-04
2.258519467432051843e-04
2.175556243400933508e-04
2.259038697047799360e-04
2.495322268259769554e-04
2.316806690487283158e-04
2.221159140390227440e-04
2.305405823335604401e-04
2.182780796829319916e-04
2.229845923011453232e-04
2.397533528437634232e-04
2.180795886943087789e-04
2.192768402892397662e-04
2.149100193037156768e-04
2.244386923848651350e-04
2.204077800342929550e-04
2.091116160499950584e-04
2.440605069750745424e-04
2.214280506905197290e-04
2.182224044190661462e-04
2.282213676153332981e-04
2.222204766894719905e-04
2.257647566693776699e-04
2.161574484944139949e-04
2.317338819921133217e-04
2.299804484209744151e-04
2.159765993383189306e-04
2.214866497524781261e-04
2.320999334642692756e-04
2.218734084635798354e-04
2.199132607074716361e-04
2.242354556983627899e-04
2.300575592016684877e-04
2.032465420143125812e-04
2.050213713118864581e-04
2.235935799944854753e-04
2.028024221999657985e-04
2.097935594065347686e-04
2.170503553315938916e-04
2.243665802780014983e-04
2.288983927428489605e-04
2.213302642303460689e-04
2.183494459131907098e-04
2.140381897334009463e-04
2.288476568764963249e-04
2.075038976727228254e-04
2.167039814594318213e-04
2.011473243328509852e-04
2.131820225713454474e-04
2.286831338096817381e-04
2.017587821683264337e-04
2.204714373419846998e-04
2.218487806203484124e-04
2.151584131752315389e-04
2.184391816172137678e-04
2.195891691599172082e-04
2.183809227972233257e-04
2.054941743608651504e-04
2.186922492455778302e-04
2.205844128184253458e-04
2.074441060813114746e-04
2.086488189888768775e-04
1.986071383271337146e-04
2.200167509727180004e-04
2.195547895553318194e-04
2.090899274207913441e-04
2.133998792032798628e-04
2.166953503092372503e-04
2.115893782502098366e-04
2.131872131485579303e-04
2.316780275577911999e-04
2.107718734123409376e-04
2.096468808304052692e-04
1.954692512754263643e-04
2.029831340678356409e-04
2.043128057266585475e-04
2.071966984658501934e-04
2.184379541631642605e-04
1.981325718134030575e-04
2.174324949010042528e-04
2.119429897447844323e-04
2.029020735790254440e-04
1.974759010408888625e-04
2.041280650246335535e-04
2.206617957199341509e-04
2.095933105465519583e-04
2.034475759501219781e-04
1.974240824438311392e-04
2.036877122009173036e-04
2.075229468118777840e-04
2.154131811948900577e-04
2.130381231836508905e-04
2.066662027118581937e-04
2.062423595361906228e-04
2.102535420817730591e-04
2.121263983099197503e-04
2.070929538149357541e-04
2.073776200177235404e-04
2.037744399331131771e-04
2.007739161399513196e-04
2.008579991525039023e-04
2.013591334161901722e-04
2.062919255422457300e-04
2.019572107201383915e-04
2.065023702016333010e-04
2.061412174043653067e-04
2.121648697084310697e-04
2.090494368530926240e-04
2.035567026723583695e-04
2.024560287281928941e-04
2.089053843519650291e-04
2.108291416789143113e-04
2.022140481130918379e-04
2.065386732738261290e-04
2.046957325092080390e-04
2.028888210134027704e-04
1.935126600528747022e-04
1.964917631994467283e-04
2.110631955929420656e-04
2.095937018566473961e-04
2.057260823221440714e-04
2.114146255280502482e-04
1.961924647275736788e-04
2.088134403948060935e-04
2.069259844574844465e-04
1.940410242696088863e-04
2.069041408503835447e-04
2.162932817554974571e-04
1.923472715589014169e-04
1.883483529582008541e-04
1.884455724393774235e-04
2.063594946321245462e-04
2.143173157492128558e-04
2.014768588196602650e-04
1.977001866180216894e-04
2.099507037200964987e-04
1.979720008421281873e-04
2.031543597240670351e-04
2.088628567435080131e-04
2.061880056771769887e-04
2.112980561378208276e-04
2.126510966263595091e-04
1.931038226757664288e-04
1.983230435598670629e-04
1.984898663067724556e-04
1.936763035701005828e-04
1.962615933280176142e-04
1.897087752695370108e-04
2.071028445243427887e-04
1.953893552126828581e-04
2.019841974288283273e-04
1.967504028471012026e-04
1.933430677127034815e-04
2.037738976468972450e-04
2.007373449941951440e-04
2.180263420996198073e-04
1.946056071119528442e-04
2.107787207933142835e-04
1.997075970393780099e-04
2.065982630028884051e-04
1.815581281334743835e-04
2.090093670631176846e-04
1.954699776888446595e-04
1.937206912316469351e-04
1.923781132063595632e-04
2.017111949044192443e-04
2.152819301045383381e-04
2.004290762215532541e-04
2.029481890076567706e-04
1.926052745602646501e-04
1.909574023557070285e-04
1.912756576075480607e-04
1.946359408975695151e-04
1.896539933568419547e-04
1.924360915154466002e-04
1.867541173396603080e-04
1.891702475404599790e-04
1.942315062024135949e-04
2.097284192586812478e-04
1.952600355252798181e-04
1.840865642861899579e-04
1.977259116301865907e-04
1.950684437133531793e-04
1.991893576359871022e-04
1.858119337157404407e-04
1.915981923048093558e-04
1.976617234504374318e-04
1.990784376630472361e-04
2.069603020572685582e-04
2.096312834964919602e-04
1.997985121306555920e-04
1.976972941520216301e-04
1.831439740271889605e-04
1.915631557494634654e-04
1.828615164413349649e-04
1.970235073713411220e-04
2.072305148431041635e-04
1.955366850779682918e-04
1.972250720427837223e-04
1.986441327517241007e-04
1.964498753750376636e-04
1.934076331053802278e-04
2.034979353084054256e-04
1.838915304233523676e-04
1.988391492432128925e-04
1.989312067053106202e-04
1.891700082524039209e-04
1.914976896387088237e-04
1.988900251035374822e-04
1.823886548208975000e-04
2.089628651901875964e-04
1.944127410752116757e-04
1.844477889790141381e-04
1.894296264254080652e-04
1.931212547788163539e-04
1.878489987575449104e-04
1.852590190992486950e-04
2.005580659442785072e-04
1.999953985432512018e-04
1.851637342042522613e-04
1.990348006529529866e-04
1.804176072710106491e-04
1.945343303759727860e-04
2.082003267787513215e-04
1.869324894869350937e-04
2.026969235430442441e-04
1.914153924644779181e-04
1.844401993366773349e-04
1.940815091074910015e-04
1.978949153453868348e-04
1.953206740836321950e-04
1.918414428473624812e-04
2.025907065672072458e-04
1.945540006090595907e-04
2.037093920989718862e-04
1.830536614306765841e-04
1.905389975036087089e-04
2.007078888937030570e-04
1.967068340945843320e-04
1.968966399999772020e-04
1.815664057176036403e-04
1.980634197479958056e-04
1.916243845244025470e-04
1.881100894024711979e-04
1.825409931825561325e-04
1.899315614991792191e-04
2.044407823632354902e-04
1.890446451398020145e-04
1.917816473905986749e-04
1.906505902297794927e-04
1.909316319142817574e-04
1.958172926606493894e-04
1.857740828654641518e-04
1.896755578854936229e-04
1.993819938661545166e-04
1.902607287547652850e-04
1.899738249903748619e-04
1.883806980004010311e-04
1.885130401660717379e-04
1.924755494655982948e-04
1.943258727806096322e-04
1.863849432083952815e-04
1.995264698507526245e-04
1.814151051803491955e-04
1.945571682426816551e-04
1.936475423008232502e-04
1.910124014557368246e-04
1.975956735805084355e-04
1.990564996958710253e-04
1.919221993830433294e-04
2.004166946335317388e-04
1.881982315353525391e-04
2.010454082665091792e-04
2.007597989631904002e-04
1.859902546584635329e-04
1.945502879152627429e-04
1.821904428652487749e-04
1.975485196908266408e-04
2.031414953762578079e-04
1.848931002541576163e-04
1.802105610295257174e-04
1.813438959288759980e-04
1.809656694604200419e-04
1.927695778249472022e-04
1.867433865754719482e-04
1.884707950466690872e-04
1.866327488642127719e-04
1.886725030544766815e-04
1.885666692487575238e-04
1.853118986218760364e-04
1.900465705602982834e-04
1.769907263224013096e-04
1.957934349320566926e-04
1.865597506139238140e-04
2.009718223234813195e-04
1.804473575020892949e-04
1.906580549984937588e-04
1.907601216771581730e-04
1.909835551941796493e-04
1.975917955860495676e-04
1.865028399379298207e-04
1.831869640000149903e-04
1.884615657672838898e-04
1.875708282568666510e-04
2.135831587565917397e-04
1.881391087863448774e-04
1.900002838738146292e-04
