2.423778406551314879e-02
1.597621827197026265e-02
1.456453388009149724e-02
1.467769762733320271e-02
1.307005753051640982e-02
1.337588296605016561e-02
1.310760026916276029e-02
1.353342124692550469e-02
1.374871974626712574e-02
1.332224384934558095e-02
1.312189972214905520e-02
1.288798502911397102e-02
1.295639337090962080e-02
1.276780450262311045e-02
1.260406178041161875e-02
1.279778136975235486e-02
1.329793463281903412e-02
1.328279961942919682e-02
1.360703795721759403e-02
1.417856882603934880e-02
1.491679901668554499e-02
1.614940392363281574e-02
1.772211159410353939e-02
2.758117627382762962e-02
3.054085842568457498e-02
3.040236315177627380e-02
3.021473682114506065e-02
3.087041406389982173e-02
3.046275632137932302e-02
3.061584359019752302e-02
3.016829351089430483e-02
3.059640642618987466e-02
3.034718180463969947e-02
3.033149978120718016e-02
3.051608800383279543e-02
3.045691899844220688e-02
3.035438659936593592e-02
3.022305218144483857e-02
3.048575387353981078e-02
3.024135412128394970e-02
3.046395548374510737e-02
3.040151591576777113e-02
3.063019117729127647e-02
3.078319004365825950e-02
3.045177919320701462e-02
3.030352433007664839e-02
3.044625246508657693e-02
3.030192358091191029e-02
3.077803904236089960e-02
3.062975703206085101e-02
3.033784055087947532e-02
3.022087813256596131e-02
3.045770376769265514e-02
3.028114610490437175e-02
3.034850346999682161e-02
3.056063128983586841e-02
3.042942328948961689e-02
3.050425727940025630e-02
3.032580338327622860e-02
3.072267022932851852e-02
3.038501862163950698e-02
3.065669034584993236e-02
3.045479950765122429e-02
3.021857599402225092e-02
3.062697947227211934e-02
3.046246850863099098e-02
3.041572000599165881e-02
3.038319750994362967e-02
3.023719603857050880e-02
3.030829100054373282e-02
3.051875433745745991e-02
3.038590825680229437e-02
3.083201321371929413e-02
3.014277121390349784e-02
3.024314071094682740e-02
3.037696977607845170e-02
3.062247080844511526e-02
3.033149009444283811e-02
3.071263403982570084e-02
3.024563994410076756e-02
3.047184467184430381e-02
3.048679190700454705e-02
3.045390695484915394e-02
3.030019379435435270e-02
3.043988312475968960e-02
3.050356214679272870e-02
3.032252634181401355e-02
3.038508016212280657e-02
3.063803434947399637e-02
3.037778048859379049e-02
3.063694262488424538e-02
3.044730073805181764e-02
3.032662557200768369e-02
3.050752551494251980e-02
3.048723099909743037e-02
3.046459962328678869e-02
3.036602179653599340e-02
3.039304517855650686e-02
3.046448055028834478e-02
3.060167787601631231e-02
3.050256148485471983e-02
3.026246981629672830e-02
3.061686491285801545e-02
3.047118001291906908e-02
3.021101890066209619e-02
3.056827290513651138e-02
3.045614419863395400e-02
3.036068037384490048e-02
3.044269624895600337e-02
3.055165021561671856e-02
3.042989413488686457e-02
3.062023893049173676e-02
3.060475624794882499e-02
3.048135704161513554e-02
3.046301103431761637e-02
3.055534457540528409e-02
3.066008595552870836e-02
3.034633454086819310e-02
3.046376973915552316e-02
3.038856488851916088e-02
3.027818103378946551e-02
3.024816355317185013e-02
3.044240041143768047e-02
3.048862266255830331e-02
3.052397111688202880e-02
3.037839853343601848e-02
3.035640721852944299e-02
3.031000076997570833e-02
3.052877342999789009e-02
3.031255680118715226e-02
3.044469716395869704e-02
3.020307114776880214e-02
3.061575119239770201e-02
3.055978700680138382e-02
3.057618504314403227e-02
3.038124088450337365e-02
3.047471218376463301e-02
3.061841242015361786e-02
3.048721804387039686e-02
3.015221868639150760e-02
3.050051286291623892e-02
3.060136574413879762e-02
3.051771583706948052e-02
3.047426860920862679e-02
3.043508920364263598e-02
3.040942958326440029e-02
3.042862792991525914e-02
3.072731812209456362e-02
3.051273973764685038e-02
3.034632612615419806e-02
3.043854828711932414e-02
3.045718301198669861e-02
3.024183415623538096e-02
3.015766566907002524e-02
3.057457840317471393e-02
3.045582107260702207e-02
3.053667569699568610e-02
3.043531713411615908e-02
3.044043106801787649e-02
3.042183352790793147e-02
3.056945346376598732e-02
3.047550761022259358e-02
3.056544747435788190e-02
3.068448625363631721e-02
3.049839315254513836e-02
3.046659892298745481e-02
3.041885458791078120e-02
3.039826295997311370e-02
3.055476909377145139e-02
3.022857179971245173e-02
3.038244143501933614e-02
3.036365184811799442e-02
3.050276314774099176e-02
3.033514272391311592e-02
3.046950992691484575e-02
3.059397695136829506e-02
3.068575202197159485e-02
3.070589521682763265e-02
3.051323714719070615e-02
3.053332800626108734e-02
3.027897489920945012e-02
3.052212521282395702e-02
3.044700268706493698e-02
3.063635669174152171e-02
3.042368826312505034e-02
3.018093665652885754e-02
3.038085164214537545e-02
3.058037383931115974e-02
3.022644347271460571e-02
3.030601689506190813e-02
3.046072861760208694e-02
3.026639571196341680e-02
3.061067279640251881e-02
3.044782035295071770e-02
3.026881041181927329e-02
3.052290778627321163e-02
3.030965604685590190e-02
3.041095090499980683e-02
3.034482667661779140e-02
3.032019992326171615e-02
3.074826569445330421e-02
3.030340009820736008e-02
3.023236843335838642e-02
3.052203507644697320e-02
3.020745784872107959e-02
3.060233339334164290e-02
3.053997734657470930e-02
3.036008361060687361e-02
3.063644074549681448e-02
3.036521860274680670e-02
3.040840765486564623e-02
3.027760353555201261e-02
3.053260824534547238e-02
3.047481841763587454e-02
3.040491323413322192e-02
3.023372749295741985e-02
3.026152182834823678e-02
3.041888276231159705e-02
3.037776853535879493e-02
3.029614898217160637e-02
3.052250744123768955e-02
3.060969607879314436e-02
3.001701994105002505e-02
3.049826629581005658e-02
3.053879679299305316e-02
3.061925269521995063e-02
3.061678867817409569e-02
3.052510163143559718e-02
3.067240911235573353e-02
3.026746357298963283e-02
3.042402672190168758e-02
3.024463580169167373e-02
3.067369761606703743e-02
3.069344536479572463e-02
3.046522231212234200e-02
3.036868625994378068e-02
3.040516830294274359e-02
3.036563007065112840e-02
3.038005096216996395e-02
3.022095589295312190e-02
3.046515946677787537e-02
3.032097694663416637e-02
3.055977182043842499e-02
3.031854807502693677e-02
3.048685864800319834e-02
3.046290175913552931e-02
3.022087688954057383e-02
3.056781099690250580e-02
3.032287424001186421e-02
3.032531019875673792e-02
3.047534029395761179e-02
3.041744563567040649e-02
3.039368035064803075e-02
3.047793278304057260e-02
3.047818637031526889e-02
3.034044916521969754e-02
3.059331040203490393e-02
3.047528807174787815e-02
3.053511245060096246e-02
3.036537190500475034e-02
3.031049793974817039e-02
3.060333707639922157e-02
3.049438228694404188e-02
3.031911136617828489e-02
3.046690970962125100e-02
3.059506938012877125e-02
3.046952083525134372e-02
3.055195305445975937e-02
3.020751686529496091e-02
3.038420236157127197e-02
3.033457701990436434e-02
3.057181953545912156e-02
3.042462010562500818e-02
3.037845647230057872e-02
3.065424064694219700e-02
3.025300262576640503e-02
3.022103144113368056e-02
3.036413318540668801e-02
3.043732480183849662e-02
3.029975960116964781e-02
3.061525108479468127e-02
3.053557942684507684e-02
3.024527153913890778e-02
3.048799449936322875e-02
3.005587789394102705e-02
3.045643893320386028e-02
3.032055470163663724e-02
3.058507780829661585e-02
3.054653226491316209e-02
3.049083598220574468e-02
3.051933166154516264e-02
3.064166089938827331e-02
3.039486322875026292e-02
3.063115073736443969e-02
3.028821568370753878e-02
3.037456952181813788e-02
3.048045635803887932e-02
3.071570657143182434e-02
3.036604143255125163e-02
3.039162472233701215e-02
3.039410703015440682e-02
3.034277781490791678e-02
3.047505372675857541e-02
3.032281977404666096e-02
3.055520308756731404e-02
3.047079070493942388e-02
3.044594751625526174e-02
3.056133089481088277e-02
3.047281640473258404e-02
3.038531896686004832e-02
3.041951628124245355e-02
3.040000039650011046e-02
3.033200457066216604e-02
3.037191363591650387e-02
3.046270215071152088e-02
3.020407198890437753e-02
3.053674718420599371e-02
3.059140334365167621e-02
3.031743891527093754e-02
3.042807837640286103e-02
3.030175652839546194e-02
3.057962277939487578e-02
3.027593586997691724e-02
3.044988558726097541e-02
3.037092960401763589e-02
3.072428707598751432e-02
3.072321629984592004e-02
3.050450868223135090e-02
3.025290935343196916e-02
3.039265840962973239e-02
3.051661698495954089e-02
3.039154164028684546e-02
3.058812872009468095e-02
3.052593033437725478e-02
3.051931998089238429e-02
3.025049551422922395e-02
3.055580362404991882e-02
3.052872103363840975e-02
3.052516960031618001e-02
3.009799491048747652e-02
3.038934939275911989e-02
3.039872750821636868e-02
3.045574131706946588e-02
3.031746765250355191e-02
3.023425152469779581e-02
3.043065347322603670e-02
3.027355674210037428e-02
3.053050703270648522e-02
3.042254375096985902e-02
3.045251860023352394e-02
3.044158142554727678e-02
3.015916426047723226e-02
3.037820269320876815e-02
3.048634273441745701e-02
3.042675438147734654e-02
3.038159477698609140e-02
3.025166251694122455e-02
3.032095500376570316e-02
3.033580017455305908e-02
3.046887104215256770e-02
3.030664667860683004e-02
3.038504786365400431e-02
3.068138636032820971e-02
3.040299589081912196e-02
3.037818149236967344e-02
3.026604728879240397e-02
3.038485399712392149e-02
3.037638076376624266e-02
3.058715541228692464e-02
3.043265631144770333e-02
3.032522701070237622e-02
3.064747603211380109e-02
3.030995521088683531e-02
3.030549254783285185e-02
3.062929045207051296e-02
3.042591173141225708e-02
3.031589328324003213e-02
3.003977391197469940e-02
3.024939232856681259e-02
3.005741050512325541e-02
3.046075613073863375e-02
3.031930046251957167e-02
3.066514119717890507e-02
3.035890660564185412e-02
3.070887631729124143e-02
3.041491474512066084e-02
3.043845884481742939e-02
3.042924948299157231e-02
3.052462366104206903e-02
3.049507452967528676e-02
3.044296764493554033e-02
3.046293348972470977e-02
3.031513938644956468e-02
3.048589858693401267e-02
3.045976270484892015e-02
3.033824603207066137e-02
3.027397323258443351e-02
3.031339133940737923e-02
3.022530532333505063e-02
3.058792903342948122e-02
3.028110477083986035e-02
3.013339773234393823e-02
3.050610610614543430e-02
3.035872981588287958e-02
3.037022855031861965e-02
3.036088783036523797e-02
3.075981860965247908e-02
3.014054450996442314e-02
3.018691363494570637e-02
3.026035665799447355e-02
3.062073473987702091e-02
3.048893723505622169e-02
3.008863561834665412e-02
3.034787868884036149e-02
3.061282422979107534e-02
3.042519892134317588e-02
3.038039147288495653e-02
3.042079108517344380e-02
3.050973639396955747e-02
3.058777043600957937e-02
3.055371988443581974e-02
3.048952275932562128e-02
3.020826837194321227e-02
3.043024321427432663e-02
3.023415240320329045e-02
3.039425088037158579e-02
3.076574054412887019e-02
3.039213568527443163e-02
3.054532997037579314e-02
3.019149456587102640e-02
3.050375679825864314e-02
3.048111697997100272e-02
3.028190663705269611e-02
3.034207065082420232e-02
3.036809879226413239e-02
3.059056731632489243e-02
3.044296931576357182e-02
3.056326960049428332e-02
3.046307585840706683e-02
3.031817907442245497e-02
3.017435761214029566e-02
3.040203019259825681e-02
3.050834799139964804e-02
3.051962189598458192e-02
3.047795483948496226e-02
3.046282054225442348e-02
3.012496870273577779e-02
3.035082895217872112e-02
3.033215056872626270e-02
3.036841213561816688e-02
3.052728505285209545e-02
3.053751111353639192e-02
3.033062390892243831e-02
3.034056921749499550e-02
3.039433376050899860e-02
3.067498979711435689e-02
3.048327242637552739e-02
3.054890658726617733e-02
3.049135433767384551e-02
3.048467197957723668e-02
3.040970408365251468e-02
3.056144182567754886e-02
3.055430910875642225e-02
3.047318471883370475e-02
3.038350103024221524e-02
3.052760423905642728e-02
3.050656053603583925e-02
3.036644532115559750e-02
3.080984695150761760e-02
3.037574852193354949e-02
3.036426931246105632e-02
3.040749018602981885e-02
3.037720762677793493e-02
3.015425382055806486e-02
3.037887694298978605e-02
3.050978923958491337e-02
3.042776634043390521e-02
3.037795041584306216e-02
3.016444837275720700e-02
3.043574230558665494e-02
3.026991804965789568e-02
3.057579586388376597e-02
3.049070746978608734e-02
3.039040823333308619e-02
3.052959104540548321e-02
3.012859497502002118e-02
3.027286500919882870e-02
3.006762693709312886e-02
3.047355265687232487e-02
3.071236488507772880e-02
3.037716003089416250e-02
3.038025133029070499e-02
3.015995505177554784e-02
3.049591816658896171e-02
3.013932522699277333e-02
3.045598054582349112e-02
3.049673612272432374e-02
3.055646615027169874e-02
3.037516658918724965e-02
3.034777936921896624e-02
