1.031421717101087127e-01
2.544305687879386824e-01
2.190031560724795268e-01
2.854340203533259346e-01
2.230378717164664126e-01
2.181682805924841373e-01
2.268288041220027085e-01
1.934925584949572508e-01
6.375007280039426405e-01
6.818532857481235387e-01
6.059152924523610872e-01
6.604660564092531549e-01
5.352930027438560501e-01
5.094599729782203212e-01
6.066986028430013667e-01
6.776518127856737683e-01
6.207233511231606826e-01
6.267152704434314492e-01
6.536051340275056409e-01
6.128913008748592128e-01
6.752206769112186757e-01
5.430081719144558283e-01
4.894865326593086929e-01
4.948374753100021617e-01
6.378990320178369311e-01
4.977983567514456809e-01
6.464112393635635945e-01
7.869794669483477501e-01
6.635915480825739232e-01
5.803976944201471033e-01
6.274740547814872116e-01
6.345224852508787317e-01
5.884546404122374952e-01
6.870376673468854278e-01
6.725861768645700067e-01
6.336129625269677490e-01
5.641251992880521593e-01
6.139448941685259342e-01
6.123816633432094259e-01
5.584565497556468472e-01
5.496486651779074473e-01
6.612965472498520958e-01
6.515548004099400714e-01
6.497853610392970714e-01
5.363302894790346054e-01
5.751257125860623765e-01
5.454795040180518972e-01
5.551108467237403366e-01
5.347633998947761702e-01
5.306824589448903007e-01
5.857647816058791923e-01
6.920879623891474930e-01
5.652878354206526401e-01
6.704380033916095272e-01
5.707231167471036315e-01
5.603456983856934803e-01
6.570438561563302082e-01
6.886193562725869688e-01
6.442410011926161806e-01
6.224873559209905816e-01
5.617985420370436023e-01
6.092836251724899066e-01
6.486728071710482491e-01
6.572409281264602887e-01
5.999300145631423220e-01
5.952966017745590088e-01
5.729450761185338470e-01
5.296941810762897385e-01
6.839549899013945833e-01
6.680534493255739781e-01
5.950266245733170090e-01
6.983715625295493501e-01
6.961490885878447443e-01
8.115070351971856999e-01
6.421439350039387373e-01
5.331104181289750832e-01
6.563833050555937243e-01
7.154996384148640809e-01
6.065968497374948365e-01
5.582633702821718780e-01
7.488440620218170807e-01
5.812717589772850024e-01
5.011158761626575142e-01
5.826841239225662994e-01
5.680843219161033630e-01
6.116540307702962309e-01
6.689724106642339629e-01
7.235366924748328765e-01
7.611935727812427777e-01
6.007952077440373850e-01
5.815112527149418620e-01
5.761887676101954403e-01
7.277861329639563337e-01
6.736856740099028684e-01
6.333825391047867015e-01
7.770192874304484576e-01
7.056849964089147997e-01
5.911700340705768886e-01
5.403631077885316936e-01
7.520290984636327503e-01
