1.556488512096744319e-03
6.024416119726576629e-04
5.116157794269423536e-04
4.832430316850184408e-04
3.575523099768575718e-04
3.874219452800906831e-04
3.771112374260202657e-04
3.955127681870686338e-04
4.153436815648038193e-04
3.974065943836420194e-04
3.695365808654382756e-04
3.466403804529997264e-04
3.608485733507974880e-04
3.422875368976643863e-04
3.112586798092497123e-04
3.295543704092073986e-04
3.520131161741516033e-04
3.277511771441485116e-04
3.227155768232222192e-04
3.280917303909567815e-04
3.213225069877689573e-04
3.789211259375586125e-04
3.646645476603624847e-04
3.028223802476189366e-04
3.365675901770821907e-04
3.422837071510367586e-04
3.077067217948438764e-04
3.272082062191970482e-04
2.941966223855266749e-04
3.644426847981739278e-04
3.588398612229131996e-04
3.640744638993095210e-04
3.281615745756701823e-04
3.850737500134136164e-04
4.874914083620381935e-04
5.684879328929352176e-04
5.829582239738898474e-04
1.365338067421916803e-03
2.192903847258845934e-03
2.160249529709297629e-03
2.184347730608869088e-03
2.183068217299525410e-03
2.208420598714140332e-03
2.215143761721876259e-03
2.188201868218220703e-03
2.168332598141210418e-03
2.180473240193984107e-03
2.157883769324614627e-03
2.226379358251945155e-03
2.217257627349745758e-03
2.158480685259162729e-03
2.146436044044646232e-03
2.189514138795773529e-03
2.181746223755306850e-03
2.160140089605503202e-03
2.187512972979581850e-03
2.169445943485486233e-03
2.183421921356629072e-03
2.153265055317588311e-03
2.216036400021379523e-03
2.180829739796255086e-03
2.206326214433206208e-03
2.171142490234902189e-03
2.151193104884372483e-03
2.204505210240096432e-03
2.174541402685766563e-03
2.188146106777636834e-03
2.171392669443162216e-03
2.153949672687511217e-03
2.160103579757225323e-03
2.181071040048932624e-03
2.180391935922513375e-03
2.226453678944933026e-03
2.148949535078366422e-03
2.151561816658971102e-03
2.175966235521933651e-03
2.193272236288527823e-03
2.169514255144514882e-03
2.204953092399626093e-03
2.156416517300632427e-03
2.195603589951325603e-03
2.188776485018714777e-03
2.166824835162675482e-03
2.164865001123701584e-03
2.187873565100971560e-03
2.192167620515945558e-03
2.179000674946319268e-03
2.191328143635966601e-03
2.208404723954889275e-03
2.166570839882250160e-03
2.194273702959280252e-03
2.170759064305023515e-03
2.166111443884579778e-03
2.186896857508359698e-03
2.195684704535229466e-03
2.188910333140624536e-03
2.165605609057859836e-03
2.178632965873608749e-03
2.211243543994100523e-03
2.200489346667377014e-03
2.191838614016690563e-03
2.160876838324419808e-03
2.187068226146524162e-03
2.190485765364369366e-03
2.158624316842691453e-03
2.178031792182747763e-03
2.174861004940791855e-03
2.168185796764070944e-03
2.182201041775657085e-03
2.199522686127174369e-03
2.179317799905380708e-03
2.191857622524970555e-03
2.207505756242675050e-03
2.178685571559828629e-03
2.188561553546280319e-03
2.187700529499509664e-03
2.220025060977281854e-03
2.181842798388595930e-03
2.170959661312800177e-03
2.161537572570513405e-03
2.164394078983832102e-03
2.161166552049776507e-03
2.171950482212506653e-03
2.197074754113775581e-03
2.182903577324992427e-03
2.178644954285591934e-03
2.151585633845666621e-03
2.162464502832895340e-03
2.167926317028484335e-03
2.154623014649860793e-03
2.180426169835475176e-03
2.152996925197965886e-03
2.207123569473447636e-03
2.187709158666931511e-03
2.182864499477755234e-03
2.171311115620147992e-03
2.181111190715416016e-03
2.196050911881837139e-03
2.199825581206074458e-03
2.134068805562221345e-03
2.183385865338813119e-03
2.204448617644592934e-03
2.176284494268427953e-03
2.164155197188480460e-03
2.182356040731708250e-03
2.176637889462116737e-03
2.180186883978000364e-03
2.204693320284908161e-03
2.172330942391077161e-03
2.165123524849724580e-03
2.173941256699270762e-03
2.176952282289234750e-03
2.158488359836719956e-03
2.146501020988358498e-03
2.188544423378711162e-03
2.188159732339237280e-03
2.187324339617927136e-03
2.191895209136103528e-03
2.170788548457080417e-03
2.179149005260460053e-03
2.200888689001012730e-03
2.185371006775248520e-03
2.188696654079365714e-03
2.198351672765367151e-03
2.184707246046275943e-03
2.197764165018657213e-03
2.177118328633417810e-03
2.167749720111963613e-03
2.198946734336343703e-03
2.156163245830104540e-03
2.172559070123894660e-03
2.163272943987503555e-03
2.189108967256724742e-03
2.166687204804761298e-03
2.194630592742172551e-03
2.204850912084651681e-03
2.214671554754369699e-03
2.210968771339255276e-03
2.178258010341475263e-03
2.187015694126910950e-03
2.168858837829095235e-03
2.195704878458682677e-03
2.191469062884466874e-03
2.212182670575503583e-03
2.160642611012392970e-03
2.164634502177987477e-03
2.168471112892758450e-03
2.190396152935205568e-03
2.158246245386639343e-03
2.157863066721010976e-03
2.184525200955792033e-03
2.142566184845796050e-03
2.203938408567365607e-03
2.178007842175319099e-03
2.135382266163063716e-03
2.197653179178090267e-03
2.166352567305854064e-03
2.165015996055208100e-03
2.173425392329763391e-03
2.173995955416246299e-03
2.214735727911804845e-03
2.171875732454918093e-03
2.165975002997850337e-03
2.186869664435075675e-03
2.155606715837720712e-03
2.210824517138822339e-03
2.195460552117486919e-03
2.153231663522777329e-03
2.209357673199443574e-03
2.170916813218127985e-03
2.168774263280870244e-03
2.165146059574948011e-03
2.187699217224357406e-03
2.184660372947062716e-03
2.176915937441534742e-03
2.181789971308197018e-03
2.146078519183046863e-03
2.183144183502580462e-03
2.171496864863189501e-03
2.169971983390166313e-03
2.187723548973085231e-03
2.192172570296671910e-03
2.120742220434720937e-03
2.192335840577113240e-03
2.174417962062079410e-03
2.193687831888954578e-03
2.215786404190912915e-03
2.192028559574625297e-03
2.207686461531620150e-03
2.175108087943175127e-03
2.177788766049262598e-03
2.158039440350420241e-03
2.207312103298424404e-03
2.212687482982293556e-03
2.183476721739830394e-03
2.158569496662575589e-03
2.158137695670763693e-03
2.179551038554766208e-03
2.179628399060029673e-03
2.156577355242246009e-03
2.177948573289368531e-03
2.151183718701869807e-03
2.196647138394753479e-03
2.161115791025851503e-03
2.192281142727731894e-03
2.175792608379202228e-03
2.150376166830969896e-03
2.202384154940765885e-03
2.174353180563602227e-03
2.160448144501716291e-03
2.186697511255443396e-03
2.187927375796192876e-03
2.170019287525784893e-03
2.194742262562191567e-03
2.186767717187361199e-03
2.166622645804673619e-03
2.212148688895738784e-03
2.186298571721976332e-03
2.187233122455607519e-03
2.183341297830851228e-03
2.164556954587938415e-03
2.198648010175498560e-03
2.181748960461835779e-03
2.158864405697721433e-03
2.180319188098324684e-03
2.200249696972585590e-03
2.184015252787700583e-03
2.206540384710334660e-03
2.158612420947763049e-03
2.171090627840005765e-03
2.174600090914806990e-03
2.201479700564969860e-03
2.191901299566141430e-03
2.173379303929762023e-03
2.202708068664052145e-03
2.164363703024156996e-03
2.143475833190554465e-03
2.167298609714546007e-03
2.172453304358977662e-03
2.168241268428305196e-03
2.203664537184798523e-03
2.187585448458170042e-03
2.150536759006904403e-03
2.192814558126703669e-03
2.151360655163078901e-03
2.178591642930073884e-03
2.161984631856701550e-03
2.200123716822792539e-03
2.190136696703525246e-03
2.188927131808466285e-03
2.193229552878945415e-03
2.208601634083113847e-03
2.169287122305240366e-03
2.207081730548181471e-03
2.154198594279032198e-03
2.164541340658950996e-03
2.186498694708015767e-03
2.228745598021672405e-03
2.174000567308599120e-03
2.169980820701242815e-03
2.159259909086262610e-03
2.157834365927339178e-03
2.167781796161246874e-03
2.162754556102940845e-03
2.184380045956313496e-03
2.175112439636242220e-03
2.181808111118405200e-03
2.213005419930337125e-03
2.170033565517969290e-03
2.171198025943337807e-03
2.175405866505583045e-03
2.168090567689989756e-03
2.186935135197439709e-03
2.160131694372935049e-03
2.183521248470880922e-03
2.151041791861407412e-03
2.183645756629379060e-03
2.203232584285189088e-03
2.167747045793320775e-03
2.185808512117829935e-03
2.167751763058891994e-03
2.193301116043151582e-03
2.161577893206521796e-03
2.179597830336772995e-03
2.184397816960258372e-03
2.213579707202908021e-03
2.217623291740340383e-03
2.186953486779422053e-03
2.151983612242879332e-03
2.177139931562833627e-03
2.192405029294664052e-03
2.187326880405987550e-03
2.199176018492906594e-03
2.193781357403052149e-03
2.192776690494031757e-03
2.152909625931781826e-03
2.193898966849521567e-03
2.183967666684077068e-03
2.199253545655063639e-03
2.138955559932341488e-03
2.165448474085720706e-03
2.177073473478655010e-03
2.187090135099956870e-03
2.165138091119687795e-03
2.154727646548472691e-03
2.189342289747226149e-03
2.171750686624842122e-03
2.187652889526194022e-03
2.172785587523632170e-03
2.189433852133030548e-03
2.183815644994670929e-03
2.148691031228130207e-03
2.177639305891297412e-03
2.196298035503387730e-03
2.186953575116251658e-03
2.166879990391766455e-03
2.156820202414779213e-03
2.148919461514588701e-03
2.166694133488214231e-03
2.190892652294227586e-03
2.179304339028869612e-03
2.178661666509536503e-03
2.197647043554299112e-03
2.161671281009811332e-03
2.170538828600334248e-03
2.149573050888613744e-03
2.185150639196292537e-03
2.178831233865099592e-03
2.197997375747294969e-03
2.181732779599696026e-03
2.171438789944136506e-03
2.212862578488199953e-03
2.155210260698713336e-03
2.156821075608565154e-03
2.203071043434802652e-03
2.177980137379400757e-03
2.173156195069691175e-03
2.142985370313006850e-03
2.153552217843758207e-03
2.128067239140965690e-03
2.186576924936689276e-03
2.175669845504065499e-03
2.207612987610241273e-03
2.157365925973508437e-03
2.204396152035345644e-03
2.183580053746220651e-03
2.181522464751944803e-03
2.179818289407445524e-03
2.181000569343142723e-03
2.181825036139462166e-03
2.191582113046320213e-03
2.186543104787127319e-03
2.163638497957061282e-03
2.189349426810950020e-03
2.174899651515007411e-03
2.166188474152070786e-03
2.169056231049356232e-03
2.156097365326820926e-03
2.158892242998884398e-03
2.193909796550466175e-03
2.159919172918504764e-03
2.142968000374042680e-03
2.197150902117181014e-03
2.172974661780712954e-03
2.158533032165795007e-03
2.184169060537379491e-03
2.223451615836178480e-03
2.150993764152508113e-03
2.141385127980827315e-03
2.151862953125113168e-03
2.200812571442264508e-03
2.178489540304185974e-03
2.141454249183801298e-03
2.162543711234211994e-03
2.198458580520422888e-03
2.183383757480089615e-03
2.188873264483027093e-03
2.182835647407262939e-03
2.170809573726728559e-03
2.205502676198935197e-03
2.196821482091142457e-03
2.185369220478359034e-03
2.150614879839879683e-03
2.172725859601656265e-03
2.149010658249016735e-03
2.170591310930481375e-03
2.221498700148403366e-03
2.187051685863908822e-03
2.183511999604824654e-03
2.145216607035650182e-03
2.186510208546156055e-03
2.174128357653549136e-03
2.157651431158785771e-03
2.161137169406201781e-03
2.177481144871108373e-03
2.201079691209398628e-03
2.179589422090297181e-03
2.194155243744058941e-03
2.173980449542130787e-03
2.162093176524758267e-03
2.156119993752181416e-03
2.169680972217625202e-03
2.191313169833504753e-03
2.198520529640429419e-03
2.180070014273606267e-03
2.175053988575814234e-03
2.134708421706123498e-03
2.176144995113335132e-03
2.170126751487378054e-03
2.168048115927968290e-03
2.203933423688524303e-03
2.187744375090506111e-03
2.160276570953655918e-03
2.171598291160225982e-03
2.170173300185359276e-03
2.201258320898337624e-03
2.183689998868514753e-03
2.189504697875985402e-03
2.192122876492068936e-03
2.191189875596563641e-03
2.162187358413048249e-03
2.196424009106790615e-03
2.196146017520973770e-03
2.192219854950864470e-03
2.172772260572064691e-03
2.178325101374812677e-03
2.190342752454135962e-03
2.155982276477136621e-03
2.220626094117937252e-03
2.181105419402174905e-03
2.178654317989526558e-03
2.177754469906159184e-03
2.172188635465630881e-03
2.145365211903811544e-03
2.171485665015154398e-03
2.186498938659635089e-03
2.183565717230886820e-03
2.174438773430404249e-03
2.137146817758770346e-03
2.189960703237971672e-03
2.172107259262741862e-03
2.205608684259156241e-03
2.191650309473109747e-03
2.178472964450222250e-03
2.190509720498489202e-03
2.148873211663256729e-03
2.152762035596333511e-03
2.127059265279632617e-03
2.181276619175024842e-03
2.220643980432993481e-03
2.167415504500290295e-03
2.165134244208504095e-03
2.147400701704982578e-03
2.180193025201715689e-03
2.157354120860446867e-03
2.182442003666728528e-03
2.189618394237521481e-03
2.193977174363010742e-03
2.182221779477376122e-03
2.176300725845372892e-03
