-2.054533446891398274e+00
-2.470740390729300628e+00
-2.460938448015647761e+00
-2.745971513699881683e+00
-2.932180958458139752e+00
-3.256570816040039062e+00
-3.374202719217614277e+00
-3.701474144488950291e+00
-3.989485994169983840e+00
-4.119892742060407897e+00
-4.179512005818041054e+00
-4.417250189600111732e+00
-4.761133341849604683e+00
-4.750345018845569811e+00
-5.030171255522136065e+00
-5.288560471957242548e+00
-5.178344005270849593e+00
-5.356413945367064500e+00
-5.529226568680774889e+00
-5.892675266990178962e+00
-5.837288829344737806e+00
-6.001944834672952034e+00
-6.205921499035026656e+00
-6.124279251581506323e+00
-6.335800047162212678e+00
-6.568484040755260267e+00
-6.703314636327043274e+00
-6.522721806658974053e+00
-6.622292621226250731e+00
-6.555741292011888710e+00
-7.062417881398260988e+00
-6.806466633760476448e+00
-6.881581888923162360e+00
-7.176026166239870996e+00
-6.915857348261000404e+00
-7.161700831183904548e+00
-7.196621946141689818e+00
-7.228072951111612632e+00
-7.533481824247142633e+00
-7.576400919805599266e+00
-7.643233721769308708e+00
-7.548531447784809778e+00
-7.313590620137468079e+00
-7.729036548469640167e+00
-7.791669136361230485e+00
-7.852582237388514130e+00
-7.477393509466437216e+00
-8.115951501870457108e+00
-7.953527583351617913e+00
-8.011658176591124558e+00
-7.835935502112666207e+00
-7.986837049073811201e+00
-8.125166696838185487e+00
-8.422679985625833865e+00
-8.075275728974160572e+00
-8.102638953848730452e+00
-8.297807452044908771e+00
-8.207822241360627658e+00
-8.444078155710727174e+00
-8.364673795579355087e+00
-8.275930018364627827e+00
-8.431840419769287109e+00
-8.378509044647216797e+00
-8.600886127616785615e+00
-8.521855378452736218e+00
-8.761696966388557328e+00
-8.553814718994912525e+00
-8.275261580189571475e+00
-8.585955553416964037e+00
-8.479219216334668019e+00
-8.522963668726667663e+00
-8.761433504804779560e+00
-8.616972247256509121e+00
-8.525948723660238926e+00
-8.785315652436848310e+00
-8.634129952780808637e+00
-9.019801849051367171e+00
-8.681042628952219786e+00
-8.750083205066149006e+00
-8.943840558015846653e+00
-9.090039561066445728e+00
-9.130949968024145491e+00
-8.754273251642155529e+00
-8.956405959551847928e+00
-9.155819367758835980e+00
-8.994819773903376614e+00
-8.960161360004279985e+00
-9.034149417394324644e+00
-8.883781562877606675e+00
-8.932476013521604585e+00
-9.140650845781157940e+00
-9.322945323171495602e+00
-9.060340941706790829e+00
-8.986630071567583755e+00
-9.228258990034271747e+00
-9.375170906887777988e+00
-9.494740299031704467e+00
-9.356955323038221195e+00
-9.168692697452593521e+00
-9.523554832120485258e+00
-9.482361198980596484e+00
-9.480606145496610182e+00
-9.209236525282074481e+00
-9.348206453685518724e+00
-9.344694819631456539e+00
-9.399623931208743954e+00
-9.471865140939060623e+00
-9.293753557567354662e+00
-9.405400330507301732e+00
-9.522516413580012440e+00
-9.435687665697894744e+00
-9.611443456215194914e+00
-9.745113080060935573e+00
-9.522325401064716033e+00
-9.488436707967444761e+00
-9.655297955380209629e+00
-9.501911911783338383e+00
-9.542769389816477599e+00
-9.750286035899874193e+00
-9.698748220371294693e+00
-9.510249566428269574e+00
-9.562985752202287415e+00
-9.838175707225557787e+00
-9.834641269490688842e+00
-9.839844311339945193e+00
-9.530025608931914860e+00
-9.846311285525937151e+00
-9.609602007684827640e+00
-9.354837665074988706e+00
-9.555425016185905562e+00
-9.829386192032053771e+00
-9.858467832396302200e+00
-9.368065200274504178e+00
-9.826011826720419506e+00
-9.978865677797340794e+00
-9.847108907337430495e+00
-9.829193670538407090e+00
-9.856722047057333569e+00
-9.964119660703442349e+00
-9.844405101824410309e+00
-9.667088894904415142e+00
-9.878308791148510792e+00
-9.795849836325343674e+00
-9.707812411875664793e+00
-9.816489213629614241e+00
-9.948527450802959748e+00
-9.835075438777103329e+00
-9.782312157787854900e+00
-9.690220778501487331e+00
-9.907978257046469395e+00
-9.731027307389657821e+00
-9.774968111062351639e+00
-9.896784215033809673e+00
-9.604141688045066516e+00
-9.741578077968162219e+00
-1.001743547524077904e+01
-9.739048532292812865e+00
-9.717884226690364002e+00
-9.555606820915318877e+00
-9.825782347329054645e+00
-9.846291010892844753e+00
-1.027683597274973337e+01
-9.975601682180091245e+00
-1.021587021139603557e+01
-1.001647943182836542e+01
-9.898906882805160734e+00
-1.016559821140917030e+01
-1.016913986206054688e+01
-9.941432958916772478e+00
-9.995502387421041135e+00
-9.769350263136852064e+00
-1.002931228468689717e+01
-1.000474238697486662e+01
-1.019084812719610689e+01
-9.900711964957322309e+00
-1.014756385585929799e+01
-1.022632594048222465e+01
-9.749627083162717867e+00
-1.000406392616561746e+01
-1.013732399517976823e+01
-1.002863952177989404e+01
-1.016401183454296309e+01
-1.000114720078963337e+01
-1.030207230169561861e+01
-1.019268384764466084e+01
-1.031316317184061937e+01
-1.015293263181855465e+01
-1.019562987436222201e+01
-1.015661505204212745e+01
-1.017217621018614970e+01
-1.046612807165218229e+01
-1.003298870521255637e+01
-1.020593928687180174e+01
-1.012519188168682582e+01
-1.024688808223869252e+01
-1.020621925667871466e+01
-1.007219772097430699e+01
-1.035834241215186857e+01
-1.046473600290998540e+01
-1.019341055350967551e+01
-1.033543588541730962e+01
-1.012335185159610873e+01
-1.023717367799976152e+01
-1.023907685581641935e+01
-1.014006368419792103e+01
-1.023536063749578950e+01
-1.009939179842985091e+01
-1.046810028824625149e+01
-1.003599805771550102e+01
-1.023161743864228512e+01
-1.017945780331575456e+01
-1.031585268129276400e+01
-1.048673101618320125e+01
-1.032554775551904669e+01
-1.016590822195705002e+01
-1.020378509352478780e+01
-1.003156942657277639e+01
-1.032201801372479721e+01
-1.028004342091234413e+01
-1.043871376182459620e+01
-1.012891806831842700e+01
-1.012026896054231706e+01
-1.003298650210416731e+01
-1.033442008948024338e+01
-1.011912703815894865e+01
-1.049222821223584923e+01
-1.025444613830952711e+01
-1.037190195880358701e+01
-1.027768005298662857e+01
-1.045882059049002777e+01
-1.022035864938663607e+01
-1.016352795347382809e+01
-1.019625540021099575e+01
-1.014300545559653699e+01
-1.022811034359509463e+01
-1.012469598311412255e+01
-1.032319341128385481e+01
-1.038827255104161473e+01
-1.031882024716727386e+01
-1.036178519454183444e+01
-1.037084894542452673e+01
-1.014455619039414813e+01
-1.009065319616583345e+01
-1.043542599979835295e+01
-1.033487768716450006e+01
-1.020376490339448239e+01
-1.035210022141661845e+01
-1.036661358121075160e+01
-1.024440488332434462e+01
-1.021007768413688588e+01
-1.032224296014520171e+01
-1.060450603388532720e+01
-1.027525797976723254e+01
-1.045339634448667177e+01
-1.025380089916760440e+01
-1.063352800924566743e+01
-1.016685387454455380e+01
-1.037228794942928189e+01
-1.049714536908306606e+01
-1.051967838746082862e+01
-1.058740636970423488e+01
-1.030453832240044321e+01
-1.027416803867002137e+01
-1.053191970269891264e+01
-1.035271648817424506e+01
-1.053704542449758108e+01
-1.038960892037500372e+01
-1.044589219515836653e+01
-1.051674514480783884e+01
-1.036117628556263526e+01
-1.039701868612555025e+01
-1.034813975684250487e+01
-1.024326156664498200e+01
-1.064612061464333870e+01
-1.042289575745787822e+01
-1.014680701871461466e+01
-1.036601829528808594e+01
-1.028891931002653060e+01
-1.049899569644203723e+01
-1.061380656761459207e+01
-1.063924314704122409e+01
-1.041234971903547368e+01
-1.037784605388399939e+01
-1.031649767598019451e+01
-1.052257046518446515e+01
-1.043765939036502033e+01
-1.052812284759328421e+01
-1.042699079272113316e+01
-1.030598918093910754e+01
-1.043484844135332779e+01
-1.032750972313217019e+01
-1.072946588298942494e+01
-1.034145424034022120e+01
-1.040228436264810696e+01
-1.051327387894256127e+01
-1.050626787958265851e+01
-1.042265899875495982e+01
-1.050230947929092551e+01
-1.013420761687846117e+01
-1.038245445565332403e+01
-1.046443831166134686e+01
-1.068016295493403511e+01
-1.038039254538620604e+01
-1.066749894468090254e+01
-1.032539448557020734e+01
-1.017422222789329744e+01
-1.022732322427290974e+01
-1.047363975380040380e+01
-1.043460264085214284e+01
-1.062568550472018103e+01
-1.050426362436028960e+01
-1.013392755653284816e+01
-1.050260470788690093e+01
-1.070634105537511083e+01
-1.066456197183343413e+01
-1.026856585393977994e+01
-1.061554999894733697e+01
-1.040839183179638106e+01
-1.054041710382775499e+01
-1.022922318494772576e+01
-1.040322413022005144e+01
-1.045734603495537485e+01
-1.079350804679001463e+01
-1.026471250872068808e+01
-1.047815053674239216e+01
-1.044798513002033502e+01
-1.042180169986773208e+01
-1.054723267615595894e+01
-1.050722289990775238e+01
-1.045710138127773625e+01
-1.033749474754816333e+01
-1.064331916012341495e+01
-1.029883531980876654e+01
-1.040910833093184529e+01
-1.038903855070283200e+01
-1.062860239608378343e+01
-1.063563964940324702e+01
-1.048424735853943623e+01
-1.049959877472889502e+01
-1.052617952491663722e+01
-1.043846692918222097e+01
-1.058207428002659256e+01
-1.060618831537946782e+01
-1.043754947034618574e+01
-1.033130026467238771e+01
-1.053339115577407981e+01
-1.066014125679112645e+01
-1.026545008828368388e+01
-1.050355245493635259e+01
-1.070831265630601337e+01
-1.053462877152841237e+01
-1.028833633133127634e+01
-1.029276644730869705e+01
-1.067341878142537936e+01
-1.053158900103991513e+01
-1.076278376881080412e+01
-1.047575327716296201e+01
-1.060830630531793872e+01
-1.034200298937061113e+01
-1.032823340500457299e+01
-1.039724022225488653e+01
-1.046484060528912075e+01
-1.065066356296780725e+01
-1.048834291892715598e+01
-1.068403283855583119e+01
-1.052773004845727911e+01
-1.037393742573412148e+01
-1.058908044235615797e+01
-1.041801530500001505e+01
-1.063730312299124847e+01
-1.056888835037810814e+01
-1.059779606589788159e+01
-1.053727891173543796e+01
-1.032426806944835107e+01
-1.045832485488698538e+01
-1.065055947967722361e+01
-1.053402600710905013e+01
-1.047137661221661098e+01
-1.051196361493460785e+01
-1.038824474358860428e+01
-1.081159335148485390e+01
-1.063683433774151332e+01
-1.067394571062884800e+01
-1.054805082007299433e+01
-1.078755812705317574e+01
-1.039241096641443995e+01
-1.046925920172582636e+01
-1.050875532174412186e+01
-1.068975588037997859e+01
-1.033553891845896189e+01
-1.059702003454860275e+01
-1.015304622770864817e+01
-1.067745667469652382e+01
-1.030994765366179955e+01
-1.038832765893091192e+01
-1.067922789537453987e+01
-1.064980713325210715e+01
-1.054911885080458234e+01
-1.074491724786879132e+01
-1.072265462332133978e+01
-1.056261245510246205e+01
-1.041818138315707820e+01
-1.054899496368215139e+01
-1.043376638919492372e+01
-1.052148333078698350e+01
-1.028949614416194791e+01
-1.066134406946882329e+01
-1.038314792174327295e+01
-1.041112264802184306e+01
-1.051643600946740342e+01
-1.043827151648605955e+01
-1.037815820718113358e+01
-1.067310667037963867e+01
-1.059048244017589013e+01
-1.071463877038110724e+01
-1.062039334260964729e+01
-1.040410415432121205e+01
-1.053878320621538833e+01
-1.066721543782873916e+01
-1.039125617546371316e+01
-1.032503241526929649e+01
-1.063687666760215222e+01
-1.044974680791927213e+01
-1.054325172569178370e+01
-1.058862255796601559e+01
-1.060864571679996615e+01
-1.055378475672082139e+01
-1.074723377710656358e+01
-1.047939047028746806e+01
-1.055162883710257660e+01
-1.058486267886584287e+01
-1.064219228527213978e+01
-1.057266970525813932e+01
-1.047014733809459130e+01
-1.070368802396557051e+01
-1.054226164274577826e+01
-1.042457044577296799e+01
-1.057907448539251050e+01
-1.072717360605167514e+01
-1.053900054134900088e+01
-1.061966779564000340e+01
-1.082404199431214131e+01
-1.078029334394237715e+01
-1.061112805257869596e+01
-1.064248911942107689e+01
-1.065762227698217401e+01
-1.042842111708242747e+01
-1.063590130021300517e+01
-1.061906321441071022e+01
-1.053555960594853325e+01
-1.073119989226136006e+01
-1.040676351740390437e+01
-1.045302149615710263e+01
-1.044823557817483284e+01
-1.059270736235606591e+01
-1.072235896919347020e+01
-1.089328455623192049e+01
-1.065819641910021787e+01
-1.035965160780315131e+01
-1.070111095452610428e+01
-1.068051885049554350e+01
-1.053171478947506756e+01
-1.064011464541471419e+01
-1.070205346843864369e+01
-1.048171026495438518e+01
-1.061828991733019834e+01
-1.056932617139212738e+01
-1.048407730271544658e+01
-1.075451275064975398e+01
-1.082231883761249058e+01
-1.057974490032920301e+01
-1.078850023655951773e+01
-1.071018007133580419e+01
-1.041111829612828465e+01
-1.053648890724664966e+01
-1.079491063009334439e+01
-1.043954549861859604e+01
-1.028458300119713975e+01
-1.060322660132299433e+01
-1.064874149274222503e+01
-1.050015397011479301e+01
-1.065139992629425514e+01
-1.076712802090222354e+01
-1.072948719579962251e+01
-1.052857951876483433e+01
-1.046569635294660650e+01
-1.093502996541276850e+01
-1.052359719819660455e+01
-1.091804041439973894e+01
-1.073956553543670189e+01
-1.041426900670498235e+01
-1.054674027237711087e+01
-1.040574201752867900e+01
-1.056227295308173453e+01
-1.061196534241302025e+01
-1.061736345894729006e+01
-1.052240804479091985e+01
-1.066520343249357161e+01
-1.076604761051226333e+01
-1.056169755549370493e+01
