-4.133426789995990447e+00
-4.273731074755704462e+00
-4.404291324977632982e+00
-4.593061945106409638e+00
-4.726147135601768134e+00
-4.830505727212639933e+00
-5.029496986654740098e+00
-5.087439392186418274e+00
-5.209165180785746863e+00
-5.342185684397250611e+00
-5.485036469713041818e+00
-5.655542023574249733e+00
-5.768395315242718979e+00
-5.872996058645127526e+00
-5.957449870773508849e+00
-6.118941023379941946e+00
-6.260798695721203622e+00
-6.305149893217448565e+00
-6.444478566133523323e+00
-6.637597162512284044e+00
-6.573494784439666283e+00
-6.700701961034460474e+00
-6.630171612848209328e+00
-6.761205184308788141e+00
-7.035505198225190604e+00
-7.095071201083026580e+00
-7.144915967047968941e+00
-7.078603587573087275e+00
-7.314007457298568937e+00
-7.308178376547897592e+00
-7.387218909927561583e+00
-7.445194395282600297e+00
-7.359522590154333521e+00
-7.545232827150369026e+00
-7.614767732499521102e+00
-7.510634271404411422e+00
-7.548452111739146986e+00
-7.799339131463931984e+00
-7.679458545733101715e+00
-7.740467819986464271e+00
-7.860359095319917166e+00
-8.001316299921349184e+00
-7.795159762418722771e+00
-8.123736912691139622e+00
-8.248092633259448192e+00
-8.197671322882930767e+00
-8.165802973735180714e+00
-8.292596949806696927e+00
-8.380255005027674287e+00
-8.358649597892277683e+00
-8.559992929048176435e+00
-8.266435224798660997e+00
-8.424083836470977360e+00
-8.464252888401851749e+00
-8.529936235162276503e+00
-8.572264091877997316e+00
-8.647554958922953006e+00
-8.742327678052685513e+00
-8.777959763249263858e+00
-8.912483969821206387e+00
-8.942162036895751953e+00
-8.540481917465790218e+00
-8.915942530088786455e+00
-8.561308160612854934e+00
-9.013139827341973387e+00
-8.731997785688955460e+00
-8.864231121690966830e+00
-8.874353179448768003e+00
-8.933902161030829348e+00
-8.979831556730632158e+00
-9.067147303231154254e+00
-8.900779150709320575e+00
-9.107603242125692944e+00
-8.936017030402075179e+00
-8.993987578379956105e+00
-9.149462603315521747e+00
-9.106390977207619031e+00
-9.194043328490439038e+00
-9.098919983151592561e+00
-9.370919976053357914e+00
-9.136253791519358458e+00
-9.251578880261771332e+00
-9.287631716909288571e+00
-9.123864614510837967e+00
-9.316414941715288833e+00
-9.465858018850978439e+00
-9.472689839858043470e+00
-9.529690018183067934e+00
-9.501600404328938154e+00
-9.516610368897643113e+00
-9.255046862590161183e+00
-9.250308006624631929e+00
-9.374594108967841066e+00
-9.522291768955279068e+00
-9.397762564164173327e+00
-9.434914003444623276e+00
-9.544633823105051817e+00
-9.644421649884574066e+00
-9.435329980488065260e+00
-9.758434657809100798e+00
-9.662554517576966262e+00
-9.685160504111760105e+00
-9.477909516684617230e+00
-9.454909409148783084e+00
-9.676726117918763137e+00
-9.527075194105316669e+00
-9.305480981174904187e+00
-9.626495053496542553e+00
-9.482193632970881580e+00
-9.526521972463100951e+00
-9.685169775274735215e+00
-9.621085523050043165e+00
-9.653290742560278304e+00
-9.676937652539603363e+00
-9.787934182565424024e+00
-9.697223325318928389e+00
-9.397017684163927242e+00
-9.636079884782622784e+00
-9.788984576358071621e+00
-1.003570428679261006e+01
-9.718099666547171722e+00
-9.981794502161726257e+00
-9.949567867230765472e+00
-9.838774590552608501e+00
-9.902049686335310241e+00
-9.940780808654013256e+00
-9.904226689399044048e+00
-9.835662491713897282e+00
-9.732453913628299702e+00
-9.788539904582348683e+00
-9.790253627149365201e+00
-1.012160354928125372e+01
-9.993705013130284698e+00
-9.932274558876134307e+00
-1.002441858943504549e+01
-9.792344014855880019e+00
-9.778939150556732685e+00
-1.011355066299438477e+01
-1.027863692030122067e+01
-9.808123564418357532e+00
-1.012215451952777379e+01
-9.792749972283084858e+00
-1.002766711802422250e+01
-1.007520491563821174e+01
-1.002561400208292142e+01
-1.012008907221540532e+01
-1.013724391068084252e+01
-1.002800144123125747e+01
-1.025450976890853738e+01
-1.007738363290134842e+01
-1.019167773331267846e+01
-9.846404709393464572e+00
-1.021682218962077826e+01
-1.029196520696712369e+01
-1.013574358783190732e+01
-1.026969560188583230e+01
-1.006537189362924245e+01
-1.023359144186671799e+01
-1.035172689413722580e+01
-1.017756067952023358e+01
-1.025087685524662895e+01
-1.016869107982780385e+01
-1.031693454935580867e+01
-1.030799420875839090e+01
-1.009210986125318321e+01
-1.025267907637584130e+01
-1.018993366820902757e+01
-1.036565305009672855e+01
-1.030703514437132284e+01
-1.017897581752342440e+01
-1.007830155046680254e+01
-1.022760419604144566e+01
-9.995223099672340794e+00
-1.003463102896002290e+01
-1.016367354574082782e+01
-1.008018394663364070e+01
-1.032633015475695615e+01
-1.033812983428375709e+01
-1.020212652109846196e+01
-1.036577974995480389e+01
-1.031935429874854826e+01
-1.021364868139918869e+01
-1.006810597528385287e+01
-1.028636671621588228e+01
-1.026866958714738765e+01
-1.037735904017581134e+01
-1.005379790897610803e+01
-1.027678906766674238e+01
-1.032540995561623909e+01
-1.036063772515405645e+01
-1.010115735138518822e+01
-1.016945289660103668e+01
-1.033279098438311294e+01
-1.030370801611791620e+01
-1.024148485932169095e+01
-1.028709794298002933e+01
-1.047277315960654676e+01
-1.027202191533921649e+01
-1.036393215082868657e+01
-1.048503333103807655e+01
-1.016951680485206388e+01
-1.046033650410326210e+01
-1.050726184965689036e+01
-1.023405163801169060e+01
-1.035669874239571442e+01
-1.042616927472850996e+01
-1.065851298465004504e+01
-1.027278894714162405e+01
-1.032249980033198433e+01
-1.041134014612511827e+01
-1.062234946142269010e+01
-1.055108574975895053e+01
-1.039817169044591161e+01
-1.036479645741136757e+01
-1.036621521696259762e+01
-1.055426258980473442e+01
-1.034223401999171799e+01
-1.046311265607423380e+01
-1.034192518041103703e+01
-1.063816029512429573e+01
-1.033226627035985956e+01
-1.020279338691807958e+01
-1.048662306990804538e+01
-1.036738784403740610e+01
-1.055067886883699479e+01
-1.057949578611156660e+01
-1.026498473445071369e+01
-1.055136026310015396e+01
-1.040378304372859830e+01
-1.082396055173270355e+01
-1.035715366315238128e+01
-1.007609876198104715e+01
-1.069121103045306675e+01
-1.054080373426026895e+01
-1.061960901791536394e+01
-1.070898960210100093e+01
-1.082280282129215365e+01
-1.030009657219995489e+01
-1.055117897444133490e+01
-1.051531236986570761e+01
-1.051072619836541655e+01
-1.059491043452975134e+01
-1.048444729817064491e+01
-1.048484097855000563e+01
-1.035338829137102046e+01
-1.076000841358039928e+01
-1.057929749428471489e+01
-1.085894483252416620e+01
-1.060946516447429389e+01
-1.020218164709549846e+01
-1.036916449703747745e+01
-1.046911581860312879e+01
-1.077514538583876202e+01
-1.042424827285959665e+01
-1.031846679615069107e+01
-1.041287715525566782e+01
-1.053253976001015246e+01
-1.038546321965471186e+01
-1.046617630463612159e+01
-1.067242324804957931e+01
-1.083754698234268332e+01
-1.056283429302746768e+01
-1.050984535338003489e+01
-1.060942378225205829e+01
-1.062483371058596759e+01
-1.042878676667998050e+01
-1.046624302562278963e+01
-1.079403836817681039e+01
-1.043382367604895400e+01
-1.032991300051725325e+01
-1.032843785949900095e+01
-1.064677998989443175e+01
-1.037470333485663687e+01
-1.065646985210949893e+01
-1.049383619163609715e+01
-1.057793830316277983e+01
-1.056098152715948579e+01
-1.055181260048588676e+01
-1.071149025084097239e+01
-1.040782676769208237e+01
-1.059427923492238577e+01
-1.062706213963182655e+01
-1.070488483090943888e+01
-1.081284665457810057e+01
-1.079306254205824445e+01
-1.052004794833026402e+01
-1.051171602176714615e+01
-1.058273413211484559e+01
-1.070166860652875229e+01
-1.084536734713783801e+01
-1.074414716189420638e+01
-1.070550200908998839e+01
-1.083293349229836799e+01
-1.051438543464564113e+01
-1.067305089853986821e+01
-1.072294129601007739e+01
-1.056655938715874399e+01
-1.078768506834778584e+01
-1.048213341266294130e+01
-1.094395208962355959e+01
-1.045866724811022763e+01
-1.085804795011689450e+01
-1.064832203297675406e+01
-1.054005396517017168e+01
-1.080644176579728999e+01
-1.050121696085869516e+01
-1.066897225681739592e+01
-1.053268301034275467e+01
-1.069832696793954518e+01
-1.066761363910723404e+01
-1.055576841137077260e+01
-1.060297452347188063e+01
-1.059567715850057468e+01
-1.038140118876589924e+01
-1.070284778256959513e+01
-1.053189899951596864e+01
-1.086736764787118581e+01
-1.053794468505473070e+01
-1.055678341056727199e+01
-1.063275773615776743e+01
-1.063060224508937424e+01
-1.061158860484255939e+01
-1.075384709804872863e+01
-1.076552749585501800e+01
-1.065907416766202864e+01
-1.087735083133359559e+01
-1.057330419443830571e+01
-1.061067527457128534e+01
-1.075601362880272127e+01
-1.078863341295266487e+01
-1.059076795095129775e+01
-1.092540352857565544e+01
-1.045273057116737903e+01
-1.045318036743357126e+01
-1.063825191425371841e+01
-1.072514797765997407e+01
-1.062831814077835979e+01
-1.063888544372365530e+01
-1.057337011868440690e+01
-1.061305002019375188e+01
-1.075392375414884505e+01
-1.059083942823772162e+01
-1.068016611775265545e+01
-1.059144371370726034e+01
-1.062810188003733103e+01
-1.095091687576680251e+01
-1.072682408441471225e+01
-1.077838331536401739e+01
-1.076229887974413124e+01
-1.069058775599998690e+01
-1.062247196632095481e+01
-1.086620942852165150e+01
-1.102163999291914998e+01
-1.087088372435750827e+01
-1.084608262098288201e+01
-1.079936068571066521e+01
-1.031088592432722173e+01
-1.068531585041480803e+01
-1.052774450446985988e+01
-1.091113385671301650e+01
-1.084266181535358697e+01
-1.061839231056503152e+01
-1.063642093803309230e+01
-1.058201703542395400e+01
-1.062685856034484111e+01
-1.075032215480563025e+01
-1.072906030582476333e+01
-1.056752606886851709e+01
-1.082936139046391411e+01
-1.088164625288565013e+01
-1.071402162841603811e+01
-1.077990375591229721e+01
-1.069334039808828685e+01
-1.077941220923315058e+01
-1.080195700971386152e+01
-1.068436320220367897e+01
-1.094888582108895925e+01
-1.086249102821832935e+01
-1.085461739648746615e+01
-1.076063809817350325e+01
-1.059370785725267616e+01
-1.068129430239713606e+01
-1.085480999644798494e+01
-1.056461333624924315e+01
-1.102711209767981337e+01
-1.106897563572171350e+01
-1.094763642323168007e+01
-1.096362346335302362e+01
-1.085684099680260850e+01
-1.037004590336280607e+01
-1.074919357782677842e+01
-1.058037935329388901e+01
-1.092210406291333946e+01
-1.095492840416823732e+01
-1.042589636090435512e+01
-1.075410682943802776e+01
-1.070945252044291429e+01
-1.068142779869369363e+01
-1.054682300060610167e+01
-1.054269945772388262e+01
-1.082249858107747897e+01
-1.077364672890192310e+01
-1.060720274116419581e+01
-1.060561164421371316e+01
-1.085498933550677769e+01
-1.062179872657679347e+01
-1.073567913755585934e+01
-1.103164365019979343e+01
-1.104980885228024334e+01
-1.080586102038999208e+01
-1.061983054800878534e+01
-1.064201000068761083e+01
-1.056587951394576130e+01
-1.068116603923749253e+01
-1.062723681896547667e+01
-1.080177880540678714e+01
-1.064111637163765778e+01
-1.096379205848597316e+01
-1.073007934908323691e+01
-1.073953107037121768e+01
-1.068570606617987906e+01
-1.065895050386839316e+01
-1.069775766058813105e+01
-1.066221237182617188e+01
-1.072730831556682318e+01
-1.065004411528382100e+01
-1.086768827559072825e+01
-1.073901431168181908e+01
-1.067291530174545144e+01
-1.067349962644939154e+01
-1.062241042414797931e+01
-1.089852761618698729e+01
-1.035439310194570872e+01
-1.053348984899400165e+01
-1.102187899094593604e+01
-1.079201868515980323e+01
-1.079208521299724310e+01
-1.069397068023681641e+01
-1.082929383048528393e+01
-1.083389851413195615e+01
-1.093052789832972316e+01
-1.060543557661998193e+01
-1.067135822923877519e+01
-1.065904223164425701e+01
-1.094500529011593670e+01
-1.067046188402779450e+01
-1.054002242148676949e+01
-1.062872657896597239e+01
-1.074657047851176195e+01
-1.088577144357222615e+01
-1.087040513074850701e+01
-1.084534372860872331e+01
-1.084635155110419547e+01
-1.080626018137871469e+01
-1.076067949246756683e+01
-1.083623518521272722e+01
-1.082826491247249479e+01
-1.085160563867303374e+01
-1.087599112715902194e+01
-1.089002778258504733e+01
-1.090377217908448770e+01
-1.085696571084517537e+01
-1.094027527072761607e+01
-1.085263488262514464e+01
-1.076568525652342245e+01
-1.098304593412182051e+01
-1.074583513525467815e+01
-1.088483190536499023e+01
-1.073947341532646860e+01
-1.068617320362525724e+01
-1.064361081545865950e+01
-1.064305166051357610e+01
-1.063902239859858589e+01
-1.078429650053193356e+01
-1.082938367505616739e+01
-1.069365899774092732e+01
-1.074116486537305626e+01
-1.068005467668364261e+01
-1.064175372184077339e+01
-1.099983532821075904e+01
-1.065793724905086393e+01
-1.088504506968244634e+01
-1.104074580156350471e+01
-1.109120047243335527e+01
-1.092340141006662790e+01
-1.089487270162075383e+01
-1.116747698602797101e+01
-1.096372755267952037e+01
-1.035402026357530048e+01
-1.071026237705085826e+01
-1.094674012630800597e+01
-1.084429962423783245e+01
-1.076803482031520431e+01
-1.082395555399641118e+01
-1.081185708468473372e+01
-1.063860407358483506e+01
-1.081406586079657828e+01
-1.079509806331199862e+01
-1.065665054924880373e+01
-1.076964836482760290e+01
